day_of_year <- 
c(7, 9, 14, 15, 24, 24, 26, 31, 32, 46, 48, 54, 58, 59, 62, 65,
68, 77, 82, 83, 85, 90, 101, 109, 120, 128, 132, 139, 140, 145, 147, 155, 157,
158, 162, 167, 175, 177, 179, 179, 180, 191, 201, 205, 213, 216, 218, 219, 221,
221, 229, 230, 230, 232, 234, 235, 248, 257, 260, 265, 267, 270, 280, 281, 282,
284, 292, 299, 305, 309, 313, 315, 322, 323, 331, 333, 338, 339, 356, 361, 361,
1, 6, 9, 11, 19, 24, 32, 37, 39, 45, 49, 56, 58, 58, 65, 66, 73, 77, 79, 83, 96,
99, 103, 107, 109, 109, 120, 120, 131, 133, 134, 139, 146, 146, 156, 156, 162,
167, 167, 168, 182, 184, 187, 188, 192, 211, 218, 226, 236, 242, 245, 251, 254,
267, 276, 285, 289, 290, 292, 292, 295, 296, 304, 311, 312, 313, 317, 319, 332,
337, 339, 340, 348, 354, 354, 357, 361, 2, 6, 8, 11, 14, 15, 21, 29, 32, 36, 43,
60, 61, 61, 64, 74, 93, 93, 103, 113, 114, 118, 143, 145, 151, 156, 158, 164,
167, 183, 194, 198, 200, 219, 223, 233, 234, 237, 238, 238, 246, 261, 261, 264,
268, 269, 278, 293, 296, 301, 302, 303, 306, 310, 314, 315, 315, 316, 321, 324,
333, 339, 349, 357, 366, 6, 16, 17, 19, 41, 49, 51, 53, 54, 56, 57, 58, 59, 61,
66, 66, 74, 74, 75, 84, 86, 94, 95, 96, 102, 108, 113, 115, 118, 128, 130, 138,
152, 163, 163, 165, 172, 177, 180, 188, 192, 197, 198, 199, 203, 203, 208, 212,
213, 215, 227, 232, 232, 239, 240, 244, 245, 246, 258, 259, 260, 265, 271, 277,
287, 292, 293, 297, 297, 322, 323, 330, 330, 333, 333, 342, 355, 357, 357, 361,
362, 364, 365, 1, 16, 18, 25, 28, 33, 40, 43, 43, 53, 68, 69, 77, 90, 90, 91,
92, 95, 95, 110, 111, 117, 120, 121, 124, 124, 125, 127, 127, 128, 131, 134,
137, 144, 149, 157, 159, 160, 165, 179, 189, 201, 204, 209, 211, 215, 219, 221,
228, 229, 235, 248, 259, 279, 282, 290, 291, 291, 292, 297, 299, 299, 306, 308,
317, 328, 338, 339, 342, 344, 355, 365, 1, 3, 11, 15, 19, 40, 40, 41, 52, 53,
58, 61, 65, 68, 71, 81, 83, 84, 86, 89, 93, 99, 113, 125, 126, 131, 136, 154,
156, 159, 160, 163, 170, 171, 179, 187, 195, 197, 216, 223, 225, 230, 248, 264,
267, 270, 282, 283, 290, 292, 302, 303, 314, 315, 318, 321, 324, 327, 330, 330,
338, 347, 358, 362, 363, 364, 13, 15, 24, 26, 32, 39, 42, 43, 47, 53, 57, 59,
61, 65, 65, 68, 69, 71, 75, 77, 81, 86, 93, 98, 106, 117, 117, 142, 155, 160,
163, 167, 172, 182, 183, 194, 200, 211, 228, 238, 238, 240, 242, 254, 255, 265,
270, 283, 292, 293, 296, 300, 302, 306, 307, 331, 342, 343, 355, 357, 358, 365,
10, 11, 13, 18, 20, 22, 23, 25, 26, 26, 40, 44, 49, 52, 56, 59, 61, 74, 76, 89,
92, 94, 104, 106, 106, 108, 113, 122, 123, 123, 124, 126, 127, 133, 134, 135,
146, 161, 161, 167, 167, 172, 175, 192, 204, 207, 211, 213, 216, 217, 230, 235,
236, 243, 244, 251, 260, 263, 268, 268, 269, 269, 272, 273, 284, 285, 286, 291,
292, 302, 309, 313, 315, 324, 334, 334, 344, 353, 360, 361, 364, 5, 13, 14, 14,
19, 21, 25, 37, 41, 51, 51, 52, 58, 58, 75, 79, 85, 94, 109, 111, 112, 113, 114,
131, 136, 143, 144, 151, 151, 155, 158, 162, 167, 173, 174, 179, 179, 184, 186,
187, 195, 196, 203, 213, 215, 216, 217, 222, 228, 229, 229, 238, 240, 241, 248,
250, 254, 262, 264, 266, 281, 284, 286, 286, 295, 300, 300, 317, 323, 325, 334,
337, 343, 346, 351, 355, 362, 363, 365, 1, 8, 9, 14, 19, 21, 25, 29, 30, 40, 43,
46, 52, 61, 63, 67, 76, 76, 82, 84, 96, 97, 99, 101, 106, 107, 108, 115, 123,
135, 136, 154, 156, 185, 197, 197, 198, 202, 203, 205, 208, 219, 221, 221, 233,
238, 239, 249, 252, 252, 253, 258, 260, 262, 263, 267, 268, 270, 272, 273, 275,
277, 280, 281, 292, 300, 301, 304, 306, 311, 311, 312, 317, 327, 328, 331, 331,
332, 334, 334, 348, 353, 357, 358, 361, 364, 1, 1, 7, 13, 17, 21, 22, 31, 35,
49, 54, 57, 60, 61, 74, 74, 75, 85, 94, 95, 102, 106, 127, 127, 131, 135, 137,
142, 143, 146, 150, 150, 152, 161, 162, 171, 172, 175, 182, 191, 191, 202, 204,
210, 212, 219, 220, 222, 229, 232, 243, 243, 244, 249, 252, 257, 265, 267, 268,
270, 273, 273, 278, 281, 283, 293, 300, 301, 303, 307, 307, 315, 316, 318, 327,
328, 332, 338, 338, 348, 348, 13, 19, 24, 25, 26, 26, 30, 30, 35, 62, 74, 77,
85, 92, 94, 111, 131, 150, 152, 158, 158, 160, 167, 172, 172, 175, 181, 197,
198, 205, 206, 210, 213, 222, 227, 231, 232, 233, 233, 236, 238, 241, 242, 242,
250, 253, 256, 259, 264, 271, 271, 273, 281, 284, 285, 292, 292, 307, 308, 308,
308, 312, 323, 336, 349, 351, 353, 354, 362, 363, 365, 1, 3, 3, 11, 27, 36, 38,
40, 48, 62, 75, 80, 82, 89, 91, 100, 100, 113, 131, 142, 152, 155, 178, 186,
186, 196, 203, 208, 211, 211, 214, 226, 233, 235, 235, 237, 237, 238, 251, 257,
258, 260, 263, 266, 272, 274, 276, 280, 285, 288, 291, 294, 311, 314, 320, 323,
325, 328, 340, 341, 341, 343, 346, 347, 348, 352, 355, 363, 364, 364, 7, 18, 22,
22, 24, 35, 44, 48, 49, 62, 65, 69, 77, 83, 87, 93, 94, 99, 99, 105, 110, 115,
116, 116, 121, 122, 126, 127, 138, 145, 151, 153, 162, 167, 168, 180, 180, 181,
184, 187, 188, 194, 208, 215, 219, 221, 227, 232, 234, 238, 244, 244, 246, 247,
250, 254, 260, 275, 287, 290, 295, 297, 300, 304, 305, 305, 325, 334, 342, 346,
347, 348, 348, 354, 4, 6, 28, 35, 39, 42, 49, 56, 67, 72, 76, 78, 84, 86, 88,
90, 96, 101, 107, 113, 122, 123, 124, 134, 139, 140, 156, 156, 156, 165, 166,
181, 181, 188, 192, 202, 203, 203, 206, 208, 210, 211, 213, 214, 217, 222, 229,
230, 240, 242, 242, 251, 253, 271, 275, 277, 279, 282, 283, 287, 291, 292, 294,
295, 308, 308, 310, 322, 329, 332, 335, 336, 344, 344, 346, 350, 352, 355, 355,
363, 366, 2, 6, 10, 10, 11, 35, 39, 43, 46, 49, 59, 61, 61, 64, 67, 71, 72, 77,
82, 85, 87, 91, 91, 98, 104, 111, 121, 129, 140, 141, 142, 144, 146, 147, 155,
160, 172, 176, 186, 192, 202, 203, 203, 206, 211, 212, 214, 219, 222, 222, 228,
231, 235, 256, 260, 264, 267, 296, 314, 316, 331, 333, 349, 350, 351, 351, 15,
16, 18, 27, 31, 43, 45, 49, 67, 72, 76, 78, 80, 92, 98, 99, 106, 108, 113, 113,
116, 138, 144, 154, 162, 163, 163, 169, 169, 170, 177, 187, 188, 190, 193, 194,
194, 195, 199, 203, 206, 207, 214, 245, 247, 261, 263, 264, 265, 267, 269, 272,
289, 295, 303, 309, 316, 316, 326, 328, 332, 338, 343, 344, 346, 346, 351, 356,
358, 365, 365, 1, 3, 4, 6, 8, 10, 11, 13, 16, 20, 21, 30, 30, 32, 41, 52, 53,
61, 65, 76, 79, 91, 93, 96, 110, 135, 145, 147, 152, 159, 160, 167, 174, 176,
181, 183, 188, 189, 199, 202, 203, 208, 210, 232, 238, 247, 262, 275, 275, 287,
287, 291, 298, 304, 305, 307, 310, 312, 317, 328, 330, 334, 337, 339, 342, 356,
359, 1, 11, 15, 24, 37, 39, 42, 45, 50, 52, 54, 57, 58, 60, 65, 68, 72, 76, 80,
81, 81, 87, 89, 91, 95, 101, 108, 110, 115, 118, 123, 130, 133, 135, 136, 146,
149, 149, 154, 156, 157, 162, 162, 164, 164, 164, 179, 182, 194, 210, 217, 221,
226, 226, 240, 244, 245, 267, 269, 274, 276, 278, 278, 283, 292, 295, 295, 313,
320, 333, 335, 339, 345, 355, 357, 357, 357, 4, 9, 15, 18, 19, 31, 32, 44, 59,
62, 65, 72, 72, 75, 75, 87, 89, 92, 95, 98, 104, 106, 107, 109, 118, 118, 120,
128, 135, 138, 138, 160, 169, 175, 190, 197, 201, 201, 214, 223, 224, 225, 234,
244, 249, 251, 252, 253, 275, 276, 283, 284, 284, 299, 301, 304, 305, 315, 316,
316, 322, 324, 330, 343, 351, 353, 353, 356, 356, 359, 361, 362, 8, 10, 13, 24,
28, 31, 32, 42, 56, 58, 62, 64, 73, 81, 82, 93, 102, 105, 105, 109, 110, 111,
116, 117, 122, 124, 124, 137, 137, 154, 160, 169, 181, 189, 195, 214, 225, 228,
240, 241, 242, 244, 250, 256, 258, 264, 270, 275, 280, 288, 306, 315, 319, 319,
329, 331, 333, 334, 336, 337, 338, 341, 344, 347, 352, 364, 3, 12, 15, 22, 23,
39, 39, 44, 45, 48, 55, 58, 60, 70, 73, 75, 91, 105, 114, 124, 126, 129, 134,
137, 138, 144, 144, 148, 154, 156, 162, 168, 174, 178, 181, 195, 199, 199, 214,
222, 223, 226, 241, 244, 246, 250, 253, 272, 274, 280, 283, 284, 290, 298, 298,
299, 311, 312, 317, 327, 333, 350, 351, 355, 363, 8, 8, 11, 16, 17, 24, 28, 44,
57, 67, 68, 76, 78, 80, 92, 97, 101, 103, 110, 116, 118, 119, 124, 130, 133,
134, 134, 135, 137, 139, 144, 148, 150, 153, 162, 164, 166, 174, 174, 178, 183,
187, 198, 200, 224, 242, 246, 248, 254, 273, 276, 282, 290, 291, 301, 301, 303,
327, 329, 339, 344, 344, 349, 361, 362, 7, 7, 11, 36, 42, 43, 44, 50, 61, 61,
64, 64, 66, 69, 73, 75, 82, 83, 85, 89, 90, 92, 95, 103, 103, 108, 116, 120,
125, 127, 133, 133, 137, 151, 154, 159, 166, 168, 178, 179, 182, 182, 184, 186,
191, 192, 195, 197, 201, 209, 211, 212, 220, 222, 224, 227, 228, 230, 232, 235,
236, 241, 242, 250, 252, 258, 263, 269, 270, 271, 271, 272, 279, 289, 295, 295,
298, 304, 311, 322, 322, 323, 328, 328, 330, 352, 364, 3, 13, 14, 17, 20, 77,
81, 85, 87, 100, 110, 113, 118, 120, 121, 127, 140, 149, 153, 154, 157, 170,
172, 175, 178, 183, 196, 199, 201, 204, 210, 213, 213, 217, 218, 220, 222, 224,
225, 231, 241, 241, 246, 247, 251, 252, 253, 253, 266, 271, 272, 274, 278, 288,
289, 292, 296, 310, 311, 311, 314, 316, 325, 325, 330, 334, 334, 339, 340, 362,
4, 8, 11, 11, 13, 14, 21, 23, 26, 35, 37, 39, 39, 40, 43, 48, 52, 57, 71, 78,
93, 94, 103, 137, 138, 153, 156, 160, 164, 166, 167, 179, 188, 190, 190, 197,
202, 215, 225, 226, 233, 244, 244, 263, 263, 265, 268, 269, 275, 275, 278, 281,
282, 288, 290, 293, 302, 309, 311, 315, 319, 319, 320, 322, 326, 326, 333, 335,
339, 340, 342, 342, 346, 348, 349, 356, 359, 362, 364, 2, 8, 12, 13, 23, 26, 37,
40, 43, 44, 47, 51, 60, 63, 64, 68, 73, 85, 88, 90, 108, 109, 123, 127, 129,
136, 139, 142, 150, 154, 197, 221, 225, 226, 226, 227, 227, 236, 236, 248, 250,
256, 261, 269, 272, 272, 275, 276, 278, 282, 282, 282, 286, 294, 297, 297, 300,
319, 330, 331, 341, 343, 343, 351, 359, 365, 366, 8, 12, 16, 29, 32, 34, 47, 47,
48, 51, 63, 75, 77, 82, 90, 95, 96, 100, 102)
n_knots <- 30
n_points <- 2000
positions <- 
c(20.207900050285, 21.0700646883442, 22.2904417605096,
22.1694305864859, 20.8734213116285, 20.9181360124784, 19.5820454386706,
13.7806809163774, 12.6977381570086, 1.29251725247087, 0.485903622310664,
1.18888301610821, 2.36944500834643, 2.42537687322686, 1.87384160983859,
-0.267718288963163, -3.32315191493071, -10.0031007595293, -12.4576197811822,
-12.7501281379576, -13.1593737503123, -11.6554598707424, -5.19055616146787,
-0.0290070353390575, -10.347074050245, -9.0651134708051, -6.10745677244318,
0.421243925277669, 1.54191228010249, 6.53413040780951, 7.63998337286032,
7.70004775250711, 7.68720484298496, 7.66921304101782, 7.74663408714968,
8.49044196963902, 10.7637274225188, 11.6696756750612, 12.63703480856,
12.4755841774661, 12.9293859407995, 11.4413657454055, 14.0930635407252,
17.4359073123077, 20.4759976190446, 21.3584477668478, 21.7073497464861,
21.6273202340926, 20.9452016850413, 20.9607130653414, 14.6711028832431,
14.1817848661231, 14.1438963367229, 13.4021136627985, 12.943655899633,
12.7141388262145, 10.2622746439558, 5.09112424919689, 4.6723874707503,
4.93514454274006, 5.25916218385766, 5.24088895020664, 4.79761570473812,
4.67237174132304, 4.33111108441359, 3.46266680171345, -0.915344910839383,
-4.51239549941396, -6.80222221585998, -5.8475457342293, -4.02217055288844,
-3.1980944157113, -1.69144391237742, -1.45931820394867, -1.02334184335985,
-0.816819456275398, -0.291241458006688, -0.00357301933987301, 16.5780034153653,
17.298891364411, 17.4681140015494, 18.6792397900922, 19.7315585519852,
21.0673184036055, 21.8396720612199, 21.6605600083132, 20.9101415977611,
12.6261200302581, 7.94628655588235, 6.27680131480208, 1.78035758308515,
0.221835090170469, 1.80344233344923, 2.31939636349805, 2.32933903129176,
-0.331846600621539, -1.17156817535118, -7.80353665401145, -9.93045555928601,
-10.8329319060987, -12.7877817629939, -8.57585963506116, -6.69381908048781,
-3.45780237665028, -0.494593287550951, -0.0894931441474921, -0.166106857742202,
-10.2354000437534, -10.2673265890388, -6.7772293135146, -5.27337279366568,
-4.47242149994113, 0.471603282115427, 7.15367207173745, 7.08947933823357,
7.61708534360955, 7.70785810023978, 7.78672027061944, 8.49432360921512,
8.49094165560493, 8.80184344238933, 13.5916350981066, 13.5801413979296,
12.7500381792754, 12.2736603781511, 11.278032676399, 19.9178077382757,
21.6560627264727, 16.7792693878843, 12.5070528669271, 12.7381383405288,
12.0595565420192, 7.94966672449935, 6.06133735214727, 5.17178509450576,
5.19648817712786, 2.92722339521558, 0.629634978133721, 0.0293615645715922,
-0.888566961961266, -1.00704343487254, -2.43986739057315, -2.9152798761153,
-6.6840740181548, -4.91868473108882, -4.5392244836563, -3.98153768010228,
-2.54388005131748, -2.05029101295956, -0.888711205158138, -0.365655503814344,
0.0836727935409521, 0.3480229691949, 8.65108924148349, 15.6595408148486,
15.7528654409044, 16.8099524532424, 17.1917402072359, 18.7480533297562,
19.7880739956196, 20.6409355160631, 21.8667760599217, 22.2234597691085,
22.0473674558439, 21.406369390801, 16.2920834898003, 12.6725423000044,
8.70254989720971, 3.04549389660944, 2.40243761881471, 2.2111130728712,
2.26172284936252, 0.581817278267745, -8.52789778572692, -10.0583118896203,
-10.162801578763, -3.54224972970935, -2.1003652660856, -3.17006917957107,
-8.25337627559822, 4.92546060617925, 6.59883955708798, 7.99955542481811,
7.6592331906216, 7.57336816385123, 7.96620985173373, 8.56356044176103,
13.6694414373959, 11.1550490791557, 12.0975754438497, 13.2887738584946,
21.6847746551792, 19.6030873589644, 12.9587652141198, 12.8808793269044,
12.5234990324837, 12.3195673073923, 12.5426804235083, 11.5683880667657,
4.64727859367733, 4.67267527882956, 4.81056039744095, 5.21338812535258,
5.33160936076932, 5.10699522098642, -1.46759439880156, -2.94056764298936,
-5.74135974209644, -6.15226430641019, -6.45248116210143, -6.80980700898868,
-5.49833383518765, -3.58503871436616, -3.18133674540829, -3.11274595541684,
-2.8357093000703, -1.88898576006787, -1.31019230661818, -0.87286278874468,
0.100574590815203, 10.1926382007336, 16.8350185154288, 18.4661485342523,
19.6664682083776, 21.9542357612855, 21.7872915928276, 21.4948556344717,
4.74865183672631, 0.2664749506216, 0.309430338573026, 0.865260374987626,
1.11393348270094, 1.7567667296612, 2.05839202521754, 2.30144062416819,
2.46217920399418, 2.2155011224515, -1.17122731965935, -1.28529286798614,
-8.50848421088973, -8.46714622654849, -9.00302750108874, -13.1086764570925,
-13.0642897613585, -9.61105673702364, -9.05074414778338, -8.63510390507185,
-4.31724910717097, -0.199940876455199, -2.11020392776277, -4.31764332637609,
-8.25503349681551, -9.02534943411127, -7.54940123958986, -0.6724507189383,
7.86870614524963, 7.77327211418387, 7.64890424326806, 8.04653016249229,
9.77850395258145, 11.6555026923044, 12.9608673151773, 12.414518015933,
11.2041848110619, 11.76617768347, 12.1094105880854, 12.7276685007427,
15.6870741060428, 15.733443891142, 19.2729308933592, 20.2268467331988,
20.5581619207056, 21.0912544128091, 15.9691439139951, 13.4039753521335,
13.3768939574625, 12.5943082003323, 12.6504448603098, 12.3962385334018,
11.9127875377071, 11.5241318609547, 4.86868836597452, 4.84758597352645,
4.63211112800155, 4.95679132013307, 5.26488058569883, 4.98221441729464,
1.69017576538255, -1.08583354942089, -1.50927843355314, -3.41829406627672,
-3.37713789981409, -1.63899337108415, -1.55187644966865, -1.07845080770112,
-0.974036715544934, -0.798003080265292, -0.916991152196174, 1.61064254704357,
16.2791648358942, 16.8218674368025, 16.8332399043852, 17.1973820302942,
17.5715647703982, 18.0378405788324, 18.2264977510046, 18.591159974681,
21.8594921701103, 21.6838018413384, 20.3164984628909, 17.4909707588515,
11.6055088378986, 5.56469586591241, 3.0837259012314, 3.05036394716841,
0.794393946561467, -3.34488083775367, -4.31882916071083, -9.88620308610429,
-11.7270822165625, -11.7101644736624, -11.1475274790075, -10.6126003141891,
-9.07679866888089, -9.13177773358965, -0.223727996709562, -0.640442687416998,
-6.95426455358218, -10.2864809786686, -10.9263283187514, -11.3326164225188,
-11.3398003524948, -10.8811188529558, -9.75964935137028, -9.75472097164765,
-9.09914858230954, -6.6917117992798, -4.57137182779848, -1.77769326688438,
5.83839618108796, 7.93434333533244, 7.68783476102289, 7.70811561774431,
7.63184038019101, 7.99082503872555, 12.5717810305125, 11.9481505961039,
14.140450723386, 16.6460181506799, 19.5848559986557, 20.0333647063298,
21.0010243482698, 21.5530106311639, 20.9519373417697, 15.2977343750329,
14.7859880261718, 12.7203991399373, 10.1599263453977, 4.67651391588567,
5.00803991104115, 4.30629671966506, 0.0582113230369851, -0.461038058072408,
-0.511269107995981, -0.981641878604935, -3.50560233299634, -4.60955510635604,
-4.55755292539646, -6.79561689374811, -6.31238728367824, -2.62236424031595,
-1.15743625244724, -0.21987184162608, 0.103738793793104, 1.49418544181063,
3.27368429526721, 16.276691186753, 18.2027352184222, 18.6108310775295,
18.922028325896, 21.9425464544433, 22.0806894226224, 21.561363964332,
5.49343520588014, 5.565625090485, 4.74348814012767, 0.431210029283821,
0.802430322026608, 2.21024659010475, 2.15834553353187, -0.288912812448046,
-3.23553927670696, -6.22869453376657, -11.93017183626, -12.8585762213333,
-13.0373630642143, -13.1913490428009, -12.2174514915403, -10.1803414439174,
-6.82659336277932, -2.20064319237454, -10.9763062836345, -10.3965391537977,
-6.81505865200959, -2.83724583409197, 7.70917124284878, 7.61191824222698,
7.60066129548558, 7.65972554823042, 7.79567102822759, 9.24383729657479,
9.60853209151445, 12.5982562789468, 12.7346673261532, 11.2499819698642,
11.8413084145293, 21.293407001933, 19.5549865610364, 17.7288947104691,
14.1796206851117, 10.2129252373219, 4.84916367314166, 5.16882821202295,
5.24729583178943, 4.34348385147, 3.84693716891266, 0.0186060752468899,
-1.02150130178174, -6.12992792940766, -6.6242558430285, -3.65147060752928,
-3.1206425812559, -2.32664087697479, -1.77168927997207, -1.32920258908096,
-1.21701725908883, -0.978873376703127, -0.900020374703553, -0.252143119538051,
7.15880102234152, 16.9703297151969, 17.4830526307456, 17.7076510197461,
18.0117390760666, 22.2186653255235, 22.132482870302, 20.7906410379487,
19.3970673934993, 12.5523313226774, 6.35279142447444, 3.90388172518962,
3.16686075659841, 0.744730247017856, 0.757689542963985, 2.06221229324102,
2.39018534267023, 2.16528638725345, -0.249586343098936, -0.231252884096221,
-3.24428341192134, -4.36111337895496, -6.30682510194711, -9.02314689615316,
-10.0219592278392, -11.9501613507678, -13.1512947709197, -10.0789934299932,
-7.45598603942319, -1.10951066798096, -6.97045745380569, -7.00717428944275,
3.83850994149822, 7.61278733497299, 7.68946880223683, 7.79003053245444,
8.41999330939748, 9.87367081038367, 13.5714104771308, 13.6463448179129,
11.2386321438031, 13.307348708845, 20.0725583003288, 15.3245753824048,
12.4526262896444, 12.489510736192, 12.7033928630351, 12.5815732028521,
6.06137045894127, 5.63682568748612, 4.93810629265543, 5.26420119229956,
4.01427832364258, -0.968166913874282, -1.49937096305969, -2.86788780883027,
-5.11860731508089, -6.15880612621122, -6.80229607910795, -6.5398730250859,
-0.903706278627487, 1.5256935307694, 2.25420763690349, 16.2538997363817,
16.9262559230616, 16.9905512126987, 18.3199962123667, 21.6005701209069,
21.9154317348171, 22.3000515352942, 21.6740222083799, 21.5472952476855,
21.3750108951884, 21.158185305074, 20.2932282998557, 19.4624276616287,
19.5521899902521, 5.56239866208631, 2.36032367593423, 0.368667977572488,
0.524573252195018, 1.78718086283696, 2.40946771087846, 2.18998919241148,
-8.51694462491211, -9.48346105385986, -12.1580258948467, -10.6546156760697,
-9.71806403337987, -2.52312087626332, -1.10277069219622, -1.14950261235378,
-0.233111241155069, -2.06583435719382, -11.4409781062245, -11.5155211605415,
-11.4651943254295, -11.3671987822524, -10.439210367461, -9.73145752051272,
-5.23695294368059, -4.49489782591408, -3.68774250777082, 7.21379407903524,
7.66718994951845, 7.74641574133865, 8.51463524142977, 8.53983597408818,
9.81187202801665, 10.792998260486, 11.2514099801804, 16.6513401370141,
18.8034277394065, 20.000622711592, 20.4770105228538, 21.2767899671459,
21.6438431729032, 14.1737159506836, 12.6372645132502, 12.4878116307451,
12.5414284224051, 12.3169122337507, 7.87270842434013, 4.72642194346313,
4.75839416098968, 5.21579670847364, 5.24377126540116, 5.25631356982333,
5.33446449793979, 5.23734118600688, 5.19360581484143, 3.49457857604792,
2.86202334399716, 2.3207854540486, -0.517260757639999, -0.977976307704951,
-6.07922660092646, -5.860994099138, -3.97232533086908, -3.23496844659785,
-1.45822889246374, -0.705715149104367, -0.824390494160457, 3.2701613828996,
15.0775973900824, 17.109333347222, 17.3146279207344, 18.0120548998706,
19.425955608385, 22.2294230768381, 22.1734016017717, 22.2229703156277,
21.6065381956912, 21.5721166620178, 20.33822077724, 8.02284634883717,
4.78560009499054, 0.496772604501136, 0.37472016972762, 0.562172018030235,
2.18087374558107, 2.30368366197525, -8.93525243523366, -10.8612732549334,
-13.1094095043826, -9.67688606216626, -0.178666228278212, -0.613157430393768,
-1.23222987587611, -2.15348810101992, -3.17674855262223, -6.78932739838935,
-2.73216233959215, 4.88935300717924, 5.80644081307073, 7.95746176066717,
7.95765698018357, 7.71351116981798, 7.61605213438837, 7.7596295234975,
8.51238728749458, 10.0665527753491, 10.4000362155804, 12.5974937498748,
12.5020779343941, 13.5800529933685, 13.17447217211, 12.792420361706,
11.2443646014254, 11.4970816586896, 15.7933151498524, 20.4696735388857,
21.0404493344557, 21.3309504577682, 21.5313293105592, 20.3292193059881,
15.3300136402833, 14.6770338932567, 14.749735199069, 12.4902025560883,
12.5152666253956, 12.6733179565379, 10.2428293523057, 8.72320748286012,
6.10566930868051, 4.69931764918025, 4.80441408978565, 5.08550972717035,
4.63260147378258, 3.50147619097914, 2.43536728553582, 2.38966946593558,
-2.39020997941152, -5.08970737336599, -5.14007258485353, -2.59285060980505,
-1.55804767252314, -1.26501401210316, -0.772120780884446, -0.610068577376635,
2.33997069297675, 5.74234121250399, 12.9498342750593, 16.2640745439835,
17.5141358048827, 17.7791129876979, 18.2396734091739, 18.5383796018638,
20.6289206634177, 21.1523603586026, 22.2387884546556, 21.6503615231953,
21.4933795433196, 20.2291788744244, 16.3857284986286, 15.1153916023983,
5.52342772312111, 3.10763166488877, 1.19370155336629, 0.547578468211134,
2.215521873555, 1.2816664130468, -2.16248972196984, -9.5433566422485,
-9.58456169902787, -12.4448550852829, -12.9484074210998, -8.61739792524475,
-8.10048396801824, -6.87577679415659, -5.29358738529042, -1.15789180107208,
-0.622383549958571, -0.256586186485079, -4.40330996527988, -11.4695547047794,
-3.67436119501726, -2.82488330798103, 7.68480765262478, 7.72978548738836,
13.4628152541011, 11.8176266207399, 11.7116270405799, 12.202702333613,
14.9304427511834, 15.7361450339515, 17.5203137463223, 19.1826601531607,
21.6893152600983, 21.0369844364151, 20.913453816762, 13.0451179166327,
12.4221086110901, 12.5801169707508, 9.40063162801914, 7.22058193083018,
7.19025726855286, 6.60114655240053, 4.88757987839849, 4.77920905843227,
4.60951598704321, 4.87976319600899, 5.10884938622606, 5.22604347219825,
5.30951990553998, 5.18153397999259, 5.20850238250056, 5.13412582910638,
5.11773077195203, 4.91553416115529, 4.57210115777107, -0.858950805227648,
-5.18389131314717, -5.65837951141509, -6.764955124412, -6.76135975387874,
-5.01505579064652, -4.94432934759886, -4.47102725025981, -2.49165985780339,
-1.09760158958025, -1.04162612495414, -1.00118481065899, -1.0236401006629,
-1.02488484798008, -0.770847500272052, -0.710355231230374, 8.70110872118104,
15.0726595915489, 16.8119649095939, 16.9196235343537, 17.1978180225829,
18.0299880880388, 18.6211939156609, 18.6482623426474, 20.1664750502741,
22.3153623014475, 21.8344795286176, 21.547942155769, 21.40293800959,
13.8040637909047, 9.64080970468983, 0.346637394843307, 1.02544792761162,
2.04540847502662, 2.38253064121159, 2.17721654424614, -8.498995611533,
-8.3771751289365, -9.01655325866849, -13.221099167904, -9.64187154280281,
-9.21084370108837, -4.32983449313216, -1.1106103565496, -9.78650695455446,
-9.77488543132355, -6.77786660681281, -3.63301149539214, -1.78271709573747,
3.92074133249681, 4.96791178377032, 7.16009817439979, 8.00798236254855,
7.85426737370175, 7.90752640525563, 7.77600548570747, 7.74502345078141,
9.61383308323803, 9.82942410872576, 10.6968241151576, 13.5359659620044,
11.4281414801352, 11.4517597985308, 14.9966837400532, 16.6067999268435,
19.8194552885192, 20.1958000382504, 21.7655756096032, 21.4508103638018,
20.4009859660724, 14.6969666371745, 13.3549650701216, 12.6160620044647,
12.5759341134899, 12.3831445910239, 9.40885784976468, 7.19853687611801,
5.0751106794273, 4.89504738393986, 5.20983274299702, 5.29974745124392,
5.16169456006889, 5.22122930889321, 5.23333435165142, 5.15223773744073,
4.72094615101573, 3.78816309352284, -1.43730330759294, -5.23941273119215,
-5.69678112172395, -6.46767263838694, -6.62941088293056, -6.59339035958697,
-3.21896872784049, -2.83294952959039, -2.34384534157378, -1.20574993483173,
-1.121560424097, -0.952488557359076, -0.280296338528009, -0.172337148927132,
8.72087378463127, 8.67196159145717, 22.3484856532322, 21.547054597053,
20.8437801137915, 20.2642791999, 19.4898040016811, 19.5211297767881,
15.0539680028795, 15.0422328393777, 9.63665436527261, 1.86647933573299,
-8.44872922945444, -9.94100227219945, -13.1604882749359, -10.5832418512443,
-9.63882429486559, -0.5394025443195, -6.82387895138119, 7.88245411002659,
7.88123701930642, 7.71441994555974, 7.64154339917267, 7.67840806937933,
8.47468146411681, 9.80214990383156, 9.87489406037425, 10.6561421133679,
13.3185759320163, 11.8616840902345, 12.1807744686192, 17.4226626129577,
18.2058709119388, 19.7248995001016, 20.4379981473568, 20.2994743522452,
16.1015398986363, 13.7672039047041, 13.4596017307622, 13.1202416759521,
13.1588959308, 12.5154554854215, 12.5468351861047, 12.6904452039719,
12.7293721796799, 12.6607602416455, 8.66819629000048, 6.63444017373381,
5.33395984018254, 4.5725701865041, 4.87401741950046, 5.1995775327493,
5.23440635589007, 5.21587032093947, 4.61110894930399, 3.47334131487057,
2.9492090189949, -0.955393841917853, -0.963446474682555, -6.6080469047327,
-6.23291680420931, -6.21003337106193, -6.1998167364901, -4.38525221187252,
-1.4459920569252, -0.517711398598211, 10.0939079165565, 12.9864445155828,
15.15281647252, 15.8414911072724, 17.537457877045, 17.7214425638666,
18.3334413658926, 18.6388640233194, 18.9120344032522, 18.960226821628,
21.934035490023, 18.6214528719044, 8.74127217950512, 7.13458830145123,
5.58277129318316, 0.489943663148258, 1.8554388776578, -9.0476454903199,
-11.4573784488294, -12.4115010389187, -12.2121972774505, -11.2729419129833,
-6.06155887584414, -6.10059974096946, -2.06780130213598, -6.72889820270383,
3.83279836596964, 7.84606072228613, 7.62094162006394, 12.1416048871174,
13.2065499067628, 13.121635275224, 11.4358168378227, 15.7471329273839,
19.2792597007617, 20.0033087537008, 19.9859321425117, 20.7558580270429,
16.8034773075952, 13.0400063337289, 12.7000164229124, 12.6679538855053,
12.4970589136308, 12.4409357390858, 12.4610837254786, 7.8719151960048,
5.17425058276916, 4.83137113305935, 4.67469740743886, 4.71278095104123,
5.1297250462533, 5.21916455639099, 5.24681513933765, 5.23122848228496,
4.86235415170442, 2.92371234188909, 1.2148004503294, -0.454935941368101,
-1.94010624350798, -4.89332998876573, -3.62711521002937, -1.89017700226085,
-1.50587030245597, -1.3262493159385, -1.18133701558051, 0.35567457211878,
0.904725595725309, 0.839678392700111, 2.2892860142487, 5.78186530159913,
7.09113674020052, 8.63739949150928, 14.1562663937176, 16.3926892115075,
17.7563537966697, 18.0366376349463, 17.9904610215614, 20.1782988511173,
21.6135682789333, 21.3763228130015, 21.3341594211541, 20.8536458061208,
9.72105214956126, 2.40526230215662, 0.469451155427614, 0.262361950354019,
1.75765151782029, -0.27438671722221, -4.37175278548925, -10.0029310848599,
-12.8403004687565, -12.8195170257256, -10.2425350496564, -9.63217164146017,
-6.79281435659206, -6.85241052466564, -1.76530513153924, -0.146998593809533,
-4.2808472462872, -5.6548791277409, -5.64857304747771, -10.9118483085745,
-11.3604005708953, -10.4784118803384, -9.72074525527676, -0.583537388242304,
6.65935128207608, 7.80756922161402, 7.81138896012719, 7.66804579744021,
8.40738603340013, 8.69866555288238, 13.0089824467088, 12.9729983303627,
13.3869260533373, 13.5943063675453, 12.7404538497229, 12.4057930951411,
11.0966469239108, 19.2280087659566, 21.1143466783372, 21.6810421011107,
21.0044220577145, 15.9991295857506, 13.3705291749664, 12.8247062163459,
12.4364509653352, 12.3097763311035, 12.3605870967078, 11.5326781620158,
10.8353570271189, 8.63769018538006, 6.09259016046222, 4.63246522953125,
5.22358499331574, 1.79185094549309, 0.0961527436921543, -2.43905859966416,
-3.41952678919515, -5.22935172568536, -6.78804326402338, -6.75653744266346,
-6.85807111704665, -1.36515425665195, -0.765550641998444, 1.48357409116377,
5.68226733922826, 7.14754603885538, 8.64675809382856, 8.64562410266669,
15.8009824613378, 19.0232597813124, 19.7755958626456, 17.4720491199151,
9.6547583594861, 6.27698838887123, 3.95088530263573, 0.323289203359725,
1.74035175703238, -2.2875268019378, -7.17588729331047, -9.59987821291865,
-10.3451013437728, -13.0633760746363, -13.122807201843, -12.6266094058442,
-11.6791683331247, -8.64891833205611, -5.25463512830399, -0.587238314903106,
-2.05545622837073, -11.2816184228224, -11.4319157805611, -11.4240893287412,
-4.45668793815548, 0.462947959318601, 1.59967356217902, 7.69806504276299,
7.67120227150524, 7.66902729421633, 8.17067936755593, 8.20559926309416,
13.4549335506073, 13.2467604521927, 12.3112722690369, 11.2543370478067,
14.96996781807, 15.7513102683873, 15.8263920610493, 18.2723357942511,
19.1806465498651, 19.7449748501843, 19.9923990922744, 20.4421002626108,
20.7876277364534, 21.5540930196974, 20.425377606797, 14.6228717689181,
14.0905718472702, 12.5962224396108, 12.7317093678465, 12.7270260715843,
7.94075171884441, 6.56862030651977, 5.23675251216447, 5.18333277665976,
5.1808966986702, 4.960145118252, 4.28972110452177, 3.85672126973058,
1.73841415231931, -0.45704072130433, -0.932509604280814, -1.95158079818192,
-2.30342292488096, -6.21434100359412, -6.21555552277352, -5.42718979532706,
-1.55553296037904, -0.965345260208502, -0.948235998154002, -0.669315196818484,
-0.625554362118157, 3.19495996810181, 3.29007286777244, 5.71766499881866,
11.5957400508388, 14.0731376797168, 16.307784338433, 16.3068754205886,
17.7604551755252, 18.3373255120318, 18.8653130241939, 19.8056060054684,
21.5514033658847, 21.6462966396621, 21.9250619680424, 9.72262044550852,
6.37553832574371, 3.01640330221055, 1.29073460430849, 0.319505672807168,
2.42993566579761, 2.21964712039823, 2.19991670236922, 0.631139079347146,
-2.30625886960107, -6.27558967778115, -7.09850405388587, -9.96438034206788,
-12.3749913556123, -13.2297805630252, -12.9412113883932, -11.1949626844724,
-11.1454258965281, -7.47030349425313, -2.59058688600147, -0.568770469488863,
-10.8632714690211, -8.23048168069233, 1.61232703164876, 2.70105212474895,
3.92093635078145, 5.83877646518171, 7.13501607454291, 7.57095388925967,
7.64448750017855, 7.75234748564102, 9.76062811974632, 11.1803232727488,
13.1395417688087, 11.2341649515538, 14.9010514220366, 15.8380753974005,
15.8263251845554, 18.1302939169824, 20.0670207381957, 20.1051584988905,
20.7569820038072, 21.669524711789, 20.3304164639656, 20.3749395399942,
15.3312048320026, 13.7440676006961, 12.6579585481346, 5.31426737186835,
4.74738383477301, 4.99792084594479, 5.16043692454897, -2.86213875201811,
-3.61214421165219, -2.78420388686598, -1.00588874076611, -0.897813487841056,
10.2030202896818, 11.6037823483772, 12.9410177025525, 12.897004636438,
22.1492600561621, 21.9850552583784, 21.6355097057339, 18.6622524178462,
13.8334787614853, 3.08319150974322, 1.76781380280331, 0.272368477366895,
-2.246482040145, -7.11938099130171, -9.48155230973035, -10.4246413723657,
-11.3787904061237, -10.6385560396379, -7.58363266902675, -6.83118688173535,
-1.05513863225202, -0.286280308186144, -2.03303377494931, -2.17714585174576,
-5.67642286746548, -0.761272018736374, 5.83606635957211, 7.767610820648,
7.7365283346217, 7.77444929664982, 7.7787326643884, 9.07236373659824,
9.08923478946783, 9.28541453262974, 11.6211448554185, 12.7195282326246,
12.3670255766231, 11.5627098974291, 11.0898967218572, 11.1930772632327,
11.1755833399985, 11.1784558287437, 12.6818635454554, 15.9833190925602,
18.2292598628392, 18.8124133658469, 20.6472114317358, 12.021631956819,
10.9033324254234, 4.67691923663883, 4.81080875183779, 4.85078241915983,
4.95059255837028, 5.223624897119, 5.16124622949044, 5.26204552517111,
0.517894982747863, -2.3620084357025, -6.48273838393994, -5.851565095422,
-2.83506254873898, -2.85454731260075, -1.21382010357533, -1.16821201768333,
-0.886841606743637, -0.18491367007314, 2.39162648647149, 3.30545542484394,
5.68121939177698, 5.69656008148852, 12.9544684989952, 16.6545025598341,
16.918694412209, 18.283888590078, 18.3471055357209, 18.6723256916505,
18.8793072143435, 19.1387237265658, 19.7166916731872, 20.691820566996,
21.5544588971505, 21.8585875026084, 22.2585637742769, 21.9986797018892,
21.625847252421, 21.4719621086548, 14.9825079623, 15.0982913751512,
12.6285111781732, 4.67778983844988, 0.531164485739015, 0.875856273245245,
2.14059101021669, -0.287947882529351, -9.51279580869754, -10.9658383491784,
-11.1678919924861, -10.1400689674737, -8.59693417671341, -0.224223629342887,
-3.6521935701406, 6.65852496839813, 7.59780883850041, 7.8101884443752,
7.65050675145614, 7.76458534686335, 8.58552160591393, 10.401077524172,
11.1061450004256, 13.3900833676799, 13.7273041771933, 12.4723474247066,
11.9911978097669, 12.6975495279113, 14.8641993937545, 15.8309317944099,
19.2106975520757, 19.8192768872191, 13.3636196968325, 12.4498213201177,
10.9558990996832, 4.70392863956468, 5.10733626625457, 5.16537303746464,
1.81466393863471, 1.84584850998295, -0.358928103348057, -4.0191889525102,
-6.80730381408739, -6.86288499260229, -6.6876974738845, -5.42195145490642,
-4.45917935075979, -2.56775844031072, -1.03181640628953, -1.06650204150883,
-0.795905504688519, -0.558712257041487, 0.00231123450218285, 1.4812498819523,
16.6030100104232, 16.9996154671796, 18.685581065177, 21.9599171854687,
22.1419935894763, 20.8296418008195, 7.94403040096882, 6.29725302005744,
3.83479599524332, 1.81096679571693, 0.24957012609109, 0.570724671809888,
1.13473336210113, 2.08753912532173, 2.27340373100325, 2.45572162892651,
-0.171014642135014, -3.2300075839631, -7.23186868935505, -9.50880978897993,
-11.5251493422643, -12.0542146340039, -11.9836700686935, -12.9852117987466,
-12.2061375303505, -11.1837385189513, -9.15857517964807, -5.2810773539937,
-0.258084677004506, -0.220033182318092, -4.31149802382237, -8.25461643869784,
-11.5522141990417, -7.47705023836288, -5.16441318075419, -3.67708132184995,
-2.82719374536821, 7.16539053772217, 7.95369739490237, 7.93961255897977,
7.80675664941283, 7.66189969727746, 7.72500031980933, 7.761951228258,
7.78574152147325, 7.92660177729348, 7.9181739913371, 7.90525843120581,
12.495190677227, 13.5684540513857, 11.1055041404534, 19.843453741633,
21.674605177785, 21.0069854794539, 16.84499126184, 16.7530595473295,
12.6603717911422, 12.3712196680856, 11.9899278569316, 5.12213972519321,
5.38507258678144, 5.20337703494141, 5.1621063200643, 5.10904241522891,
5.05374782134442, 3.95499326343298, -0.94382403316163, -2.47981916087815,
-2.42813009196565, -4.00824427700318, -1.96876498596237, -0.884908034779302,
-0.769043227876139, 0.0256969840070955, 4.40639932738255, 16.2560251832318,
16.7665531751555, 16.8586830235099, 16.7746785980833, 19.1716833412646,
21.1301616105172, 22.0176935771016, 21.6242914865051, 21.5371728758956,
13.7669390953715, 12.7272864471009, 2.42977815729251, 2.40168094952545,
1.78851681165989, -0.203012213012422, -7.2068478040964, -7.15184243132249,
-9.04509687893775, -9.11277428255078, -12.9611468171435, -12.1558231722184,
-10.6516884355841, -9.09526993152762, -7.54955148106913, -2.635680997407,
-1.13639355639732, -0.538450283656291, -0.0850541429381838, -8.21119214071682,
-8.32155385056726, -10.2415030279724, -8.99809882035054, -3.63246552248201,
-0.679303478418566, -0.753579642606182, 7.64684704371775, 9.07771431464625,
10.7504889988184, 11.5425712795003, 11.6927745330959, 14.0857398097735,
14.059200710871, 20.7899270989679, 19.5339283806282, 18.5630146309585,
17.6881782049667, 12.8863260444402, 12.397059020115, 9.41552334338507,
7.92928453301332, 7.27097956929764, 6.66416042821287, 5.17566392146531,
5.20407557043144, 3.92100665908915, 3.36470225496141, 3.39502217704922,
-4.57494711746793, -5.71748166377869, -6.73416356494713, -6.86580709626116,
-3.14288809719305, -2.79718540877829, -2.83986982709376, -1.67490147722559,
-1.37569255186247, -1.08974796970268, 2.26957031433294, 12.9504913191079,
15.0761665739239, 15.0805315729467, 16.6271193612808, 16.5661971728659,
17.1078377451099, 17.3744189057693, 17.5575660720574, 20.6478280363875,
21.5567625363434, 22.2470425895931, 20.8035456178587, 17.5022061682326,
13.7534057048599, 12.6557232214675, 3.92003507751581, 1.79700326939981,
2.34039010356529, 1.90579842906129, 0.654231231889504, -7.90036086786402,
-11.8682714314865, -12.3540742074093, -10.1145095577024, -4.35815091817296,
-1.76339835855894, -1.77485941352394, -0.0600272360263722, -0.234043575177924,
-0.595210046579653, -5.60529053313188, -7.01627656765002, -11.3905976010432,
-11.342843615813, -11.3848037517764, -1.84394664018966, -1.79363022468741,
7.67465964434131, 7.59640111406241, 8.93087623639752, 13.3856410136556,
12.0655818978225, 11.3127675502555, 20.7336456373125, 17.7329327293759,
15.2618407958255, 12.6362303571043, 12.7541405456737, 12.6477243442176,
12.3429004087908, 8.64390586846624, 5.4473727535914, 4.78814554278113,
4.82764000203781, 5.24007490441021, 5.23272965409232, 4.89487556902846,
1.15595793813238, -6.84344694971683, -3.17379961776391, -2.08088975301337,
-2.12171008108948, -1.05336976819892, -0.952250488886537, -0.816251836822615,
-0.776462059443598, -0.62938669891446, -0.420677129269874, -0.228406689788457,
0.780977083411928, 3.31704725218271, 7.0525262017361, 14.1057243151335,
17.9759794518365, 18.9237876565312, 22.1755254063244, 22.1339106778079,
21.428127020729, 21.2244453724163, 6.49729357472093, 6.36775229599003,
2.31651650238266, 1.83689949159793, 0.431766921687642, 1.51420639642096,
2.31334166382468, 2.30963299378021, -5.32580372190033, -7.93792412333822,
-9.09540290937166, -11.1424800869821, -1.88100383326037, -3.23727232136783,
-11.3424932005486, -10.515469456904, -8.28110005090699, -4.52399623167834,
-1.71909018303766, -0.795323862943326, 5.81058478490793, 5.77345111753348,
7.82499443555705, 7.71358632388436, 7.73278713956719, 7.68960402634034,
8.7764826613462, 10.4591566544599, 12.0395475857976, 13.3906682918886,
11.2571991608464, 12.6534580668422, 12.7620795875385, 20.6817062353656,
20.3713192539312, 19.4887436080623, 16.7714813785909, 12.6855367205585,
12.4071571188318, 11.6506281334891, 8.6759763466598, 6.6756248161149,
5.2889981184678, 5.21059812792785, 4.87773711019885, 3.9868748592089,
3.4177760725302, 0.0328813665141466, -4.08392276767119, -4.00067589408161,
-4.72405779314171, -5.00274427140072, -4.38784096481564, -2.4782151882077,
-1.11752775591618, -0.840821869645902, 11.6426304135892, 12.9132654797398,
16.3142510963496, 17.7589091770681, 20.5375879731574, 20.6500465186517,
21.863261843177, 21.8949151708828, 21.7391350643604, 20.7814549632872,
17.5409634111171, 2.45595411768009, 2.00587230194274, -2.22372303819976,
-3.33768231595866, -9.45654761940131, -10.4236865374681, -11.5080129503797,
-10.6566570488454, -8.14089785159444, -5.19603669178323, -3.44535616795478,
-0.275442984289425, -5.76751203731897, -8.24147323658197, -9.34320055958705,
-11.4181641220494, -7.50329086491242, -5.31086355429611, -4.52307621639154,
-4.54494266773667, -3.68153816383488, -1.78620415250305, 0.352982408108465,
5.78286303417096, 7.83219625186155, 7.8950266222752, 7.7039077321235,
7.6727969316838, 7.91746470035339, 8.32299112133657, 10.3343368174389,
10.4368807368462, 12.0831586095988, 13.7150547930861, 12.7238217020233,
12.2375175797841, 13.2904330214775, 18.6873211516886, 12.658459546637,
11.4668857561429, 10.1184214568091, 6.15018504024723, 5.18529712006207,
5.15955605197995, 4.32448358156565, 0.0299082009620094, -0.430386656103121,
-5.71595300023846, -5.61968187532186, -6.45584993711913, -1.24026679072054,
-1.11318848794261, 0.0387157370057747, 3.29730859287417, 3.26005391795562,
10.0952675457771, 17.3125568340753, 17.4567628735928, 20.2653623253949,
20.1687731594549, 21.913495055396, 8.77793922606076, 3.88838870476363,
3.10542523971978, 2.36534282749848, 0.270387646209343, 2.19683198624389,
2.14535396243742, 0.70074950418691, 0.591432549941881, -1.19737955343973,
-4.28543642395661, -7.94220269099256, -8.97226375579215, -12.4837677739029,
-12.721130855897, -13.2285899989396, -12.3039320696358, -11.69105761631,
-10.6402545350787, -9.22640246862527, -3.4504734860498, -3.43041298173485,
-0.229148840264742, -5.6604175353099, -10.2362992732953, -10.9460593120144,
-9.74079032520418, -5.24019232496524, -5.31906226900759, -1.74587993899142,
7.89747297230968, 7.75357467730996, 7.67105778179776, 8.32305010760228,
8.78728749692729, 12.1150446152373, 12.6370671997383, 13.5579730930633,
13.5682334027666, 13.6376090017057, 13.0840421268562, 11.4104152199752,
11.1290122003113, 11.2917342342291, 11.7462864278817, 14.0606248716926,
19.5049865805992, 19.9806666647752, 20.1869681967738, 21.3831780544516,
20.3720497429308, 18.6292588947806, 15.9545490546157, 15.2933475577763,
14.1384317323351, 13.3490732586474, 12.7295337142747, 12.5019516443961,
12.7573290679621, 12.7420381769491, 8.66140090320651, 7.26806794784351,
4.83246248116492, 4.8540786933908, 5.26383360368474, 5.28612030659714,
5.25131738798532, 5.22943318181701, 5.1888808634433, 4.97319868008341,
0.599360290399159, -2.55483967751578, -2.43163997228455, -4.02739416485768,
-6.72318633245499, -5.0131767056411, -1.58514645674024, -1.68187168131791,
-1.55411048908164, -1.10555597443086, -1.078924851569, -0.982101965019964,
14.0573577598707, 18.0388640977532, 18.9609696669622, 22.1703152281303,
22.2701090386027, 21.7933373558923, 21.4893949659088, -9.97329192982455,
-11.9442202173929, -13.1485826902984, -12.960381580098, -6.07074652311615,
-0.220334326843694, -2.14365678164983, -8.29941339271798, -10.2256696380001,
-10.9185532155379, -9.74826686321136, 1.54694881207312, 7.97957885681468,
7.83363395439694, 7.7014394893813, 7.62667363226289, 9.33122981876701,
9.82409936806204, 10.687898299045, 12.1139091770194, 13.706852839336,
11.4115832520493, 12.6730595648621, 14.1301177425514, 16.7145360081289,
19.7742269117199, 20.4614322116046, 20.4372717007221, 21.6055553768784,
21.7009986873288, 21.4452896464024, 20.3165298465692, 18.639618419914,
17.6735189505569, 13.7170140010789, 12.7432660632395, 12.6563075681871,
11.6017997397928, 10.9254954569818, 7.9467639225779, 7.3157141594682,
6.64723798661794, 6.68319786456725, 5.08654869760836, 5.2907009436774,
5.1986096877306, 5.22582501878898, 5.11581125216391, 1.05451189615427,
0.573770099756877, -0.96198308584119, -2.81039595679264, -5.38661344537229,
-4.88582041188453, -4.95277956257367, -3.55820963512629, -2.86011104116916,
-1.39324214732041, -1.26050293761874, -0.999363872778939, -0.831871573250983,
-0.779017129756459, 0.00881545611581167, 0.370989091639829, 17.5921978723815,
19.2024039906149, 20.5791536944034, 21.9479610465468, 21.9017965715093,
22.2763786667561, 22.2723202808685, 21.5308309377248, 21.2992403093056,
19.5732406347722, 9.63145656752109, 7.98526446137353, 6.36033193253148,
6.397307046178, 5.60470098190532, 3.0931096720404, 0.506751156970089,
0.586907348322798, 2.06715293604861, -6.30485455389196, -10.3523766670145,
-10.2036491120287, -9.54052441342609, -3.42237223928451, -1.8267348096327,
-0.754909705695066, 7.75004049168654, 7.70505090972428, 7.62249265288637,
7.89040075065474, 8.19192501306475, 8.4932075738671, 12.5149718028523,
12.3427139588216, 11.7079334280012, 11.5883851435786, 11.747876086289,
14.9370295520001, 21.0759742613482, 17.7304115021598, 16.918644792462,
13.0550010951645, 12.3385928809545, 12.3453972530127, 4.73879921136574,
4.78935975732743, 5.02045781377856, 5.3028179106742, 5.30109213417829,
5.10238944093225, 5.14598185844554, 4.98765681566764, 4.66127884483236,
4.25446299981233, 1.23109271994046, 0.00479812518929214, -1.40311950139266,
-6.15119251945187, -5.90172822276442, -4.92349341163529, -3.22941297786507,
-2.06782016915935, -2.17623694581144, -1.82060924465987, -1.68308612233891,
-1.37897129454816, -1.1791232389662, -0.839257555605659, -0.62938229847039,
0.0910666681217202, 0.396938594051049, 1.54456073464087, 1.58909929468081,
5.69831883219705, 8.58046895918875, 10.0933919724311, 16.590349487009,
17.0396773735839, 17.4813184496265, 18.05404747214, 18.7423570868838,
20.6359803630928, 22.0485778719407, 22.2475496859812, 21.235578680621,
19.5399067527952, 7.97294012491589, 5.52303009489302, 3.19735024580859,
2.41152472509755, 0.791356250927747, 0.350044288157193, 2.40624665265245,
1.2195757300648, 0.715753735924704, -3.3606971465967, -7.85170628291337,
-13.2204819148659, -12.6105510339472, -11.6746550732987, -0.231200995511257,
-0.137454470914575, -11.4169513773219, -9.79864948724192, -8.24080315887733,
-2.80902210744345, 0.420437561612083, 3.80061372379147, 8.00414332980213,
7.74456339689043, 11.7969139695747, 21.0626668902257, 17.7749076553864,
16.8326097313933, 16.7990830294667, 15.9464488170159, 15.9593292954366,
12.546910871306, 12.5378060873544, 10.2428548862069, 8.64187881631204,
5.32658180865812, 4.69431608230987, 5.24561954011564, 5.31151133808305,
5.24140150043012, 5.19851680214817, 5.14462090689404, 5.00168991761506,
4.23393196863958, 4.34165163115931, 4.31142804529591, 2.35395658712794,
-1.96886572798399, -3.54796998072595, -3.47572267766482, -5.11220747113803,
-2.17746408859815, -0.977293432733789, -0.866353326175949, 0.871861529831907,
2.31353140621502, 2.30032243805044, 13.000502582105, 17.0173511013666,
18.281413171649, 18.350538547122, 20.5317884918385, 22.0892526253917,
22.0030761168115, 16.2267457844119, 12.663424806504, 10.5121176822653,
0.769149914739997, 0.746298080882591, 0.587651039658659, 0.374540261986235,
1.33084237971252, -9.09153434158981, -10.0327384970025, -12.3627042190117,
-11.5883561086608, -9.12288252016829, -8.6228239198648, -6.02879531388825,
-4.46937460740125)
