day_of_year <- 
c(4, 7, 18, 18, 26, 27, 28, 31, 31, 44, 45, 48, 49, 54, 54, 55,
59, 78, 79, 83, 86, 90, 91, 92, 97, 98, 102, 104, 107, 112, 113, 122, 122, 126,
126, 131, 131, 142, 146, 147, 149, 165, 165, 168, 170, 174, 175, 175, 177, 177,
188, 196, 200, 205, 208, 217, 223, 230, 231, 234, 236, 247, 248, 248, 253, 259,
260, 260, 266, 270, 272, 276, 279, 290, 292, 295, 300, 314, 316, 318, 323, 323,
328, 329, 330, 333, 335, 337, 346, 349, 352, 353, 356, 357, 4, 9, 17, 18, 22,
22, 23, 28, 29, 38, 49, 50, 52, 58, 59, 62, 63, 64, 77, 78, 83, 88, 97, 109,
110, 114, 123, 124, 125, 129, 149, 152, 155, 159, 161, 165, 176, 183, 191, 205,
208, 214, 215, 217, 223, 224, 238, 240, 247, 248, 250, 266, 275, 278, 284, 293,
294, 296, 297, 303, 303, 304, 311, 318, 319, 319, 320, 321, 329, 330, 332, 338,
341, 341, 343, 345, 353, 353, 360, 13, 24, 30, 48, 55, 71, 81, 82, 83, 107, 109,
111, 121, 123, 125, 126, 129, 134, 134, 136, 139, 151, 153, 155, 168, 169, 182,
188, 198, 207, 208, 209, 215, 216, 222, 233, 236, 242, 242, 245, 248, 251, 251,
256, 259, 260, 275, 275, 276, 283, 283, 285, 288, 303, 314, 315, 317, 322, 325,
326, 328, 332, 343, 352, 354, 359, 2, 6, 16, 24, 31, 40, 40, 52, 62, 68, 70, 87,
95, 97, 100, 104, 106, 113, 116, 116, 124, 125, 127, 135, 135, 137, 158, 164,
167, 167, 183, 188, 194, 199, 199, 201, 202, 208, 215, 218, 231, 231, 240, 244,
257, 259, 265, 277, 281, 283, 293, 305, 313, 314, 320, 325, 326, 334, 341, 344,
345, 347, 349, 361, 4, 5, 6, 20, 26, 29, 40, 41, 45, 45, 46, 46, 47, 51, 59, 61,
61, 62, 64, 69, 77, 87, 93, 103, 103, 107, 107, 114, 120, 123, 142, 160, 164,
169, 173, 175, 201, 203, 205, 210, 233, 234, 234, 240, 254, 258, 268, 269, 274,
288, 296, 302, 303, 306, 309, 314, 315, 316, 321, 322, 326, 327, 328, 329, 334,
334, 337, 338, 341, 350, 354, 355, 357, 2, 7, 9, 13, 19, 28, 31, 33, 39, 47, 51,
55, 57, 67, 71, 79, 113, 116, 121, 126, 134, 135, 136, 136, 136, 147, 147, 147,
153, 160, 177, 188, 200, 202, 214, 218, 220, 222, 223, 228, 230, 242, 244, 245,
254, 258, 266, 274, 298, 298, 302, 312, 312, 319, 319, 323, 324, 326, 341, 341,
344, 3, 3, 3, 10, 12, 35, 35, 38, 56, 63, 66, 77, 84, 96, 108, 112, 115, 116,
120, 122, 122, 126, 141, 148, 154, 168, 170, 184, 187, 187, 198, 200, 207, 216,
217, 219, 226, 231, 234, 234, 249, 254, 257, 261, 265, 266, 269, 274, 283, 287,
294, 299, 301, 307, 307, 315, 319, 319, 320, 323, 323, 333, 335, 348, 350, 350,
352, 355, 356, 358, 361, 362, 366, 2, 6, 9, 16, 18, 19, 31, 36, 43, 53, 53, 58,
62, 67, 69, 76, 78, 81, 87, 93, 94, 98, 100, 104, 111, 114, 114, 121, 124, 127,
129, 131, 136, 139, 143, 149, 149, 158, 159, 165, 180, 180, 184, 192, 193, 200,
204, 217, 231, 232, 240, 252, 263, 268, 271, 286, 292, 293, 300, 314, 314, 317,
329, 330, 342, 344, 3, 7, 22, 31, 37, 46, 56, 56, 56, 62, 62, 74, 74, 76, 88,
91, 95, 100, 110, 113, 125, 126, 127, 140, 143, 143, 153, 165, 170, 174, 175,
175, 176, 181, 181, 183, 186, 187, 192, 196, 198, 215, 217, 227, 230, 230, 232,
232, 232, 239, 250, 252, 254, 256, 258, 276, 279, 297, 301, 304, 306, 308, 309,
313, 318, 334, 339, 341, 342, 344, 348, 356, 357, 364, 2, 4, 7, 11, 25, 27, 29,
41, 44, 47, 48, 62, 68, 72, 74, 83, 89, 91, 91, 100, 101, 108, 116, 121, 134,
140, 145, 146, 151, 151, 152, 152, 153, 156, 159, 164, 166, 168, 169, 170, 170,
172, 183, 189, 196, 203, 205, 213, 215, 219, 225, 225, 227, 230, 235, 242, 244,
246, 249, 252, 257, 260, 262, 262, 268, 275, 276, 279, 282, 282, 283, 287, 295,
302, 304, 308, 312, 317, 322, 322, 326, 329, 336, 339, 341, 356, 357, 358, 360,
364, 11, 14, 25, 28, 33, 36, 40, 46, 52, 55, 66, 67, 70, 84, 84, 87, 90, 91, 97,
97, 103, 108, 108, 109, 112, 120, 124, 130, 131, 146, 148, 156, 160, 163, 163,
164, 165, 169, 180, 182, 189, 196, 197, 208, 210, 213, 214, 223, 229, 234, 248,
251, 253, 253, 254, 259, 261, 264, 271, 276, 280, 285, 288, 289, 294, 296, 296,
297, 312, 318, 318, 322, 328, 336, 342, 347, 352, 365, 1, 1, 10, 10, 12, 15, 24,
29, 29, 31, 38, 44, 44, 49, 52, 61, 65, 66, 66, 74, 74, 75, 79, 80, 80, 84, 92,
94, 102, 105, 122, 127, 127, 133, 139, 151, 155, 155, 166, 170, 181, 185, 191,
191, 200, 200, 201, 213, 222, 230, 241, 250, 253, 258, 262, 266, 268, 271, 273,
278, 279, 280, 282, 283, 284, 286, 288, 289, 290, 292, 294, 295, 297, 298, 304,
306, 308, 311, 311, 317, 324, 331, 332, 335, 340, 342, 346, 348, 349, 362, 18,
20, 22, 25, 32, 33, 34, 35, 42, 45, 46, 51, 51, 57, 58, 60, 64, 80, 82, 90, 91,
92, 94, 95, 99, 109, 112, 117, 125, 127, 129, 135, 140, 141, 145, 147, 160, 163,
164, 170, 179, 183, 184, 191, 207, 213, 220, 222, 234, 240, 242, 247, 255, 258,
259, 263, 267, 270, 279, 284, 285, 285, 293, 295, 305, 307, 329, 336, 336, 355,
362, 10, 15, 17, 17, 18, 19, 27, 29, 30, 37, 46, 47, 49, 56, 68, 70, 71, 99, 99,
100, 110, 110, 113, 113, 114, 119, 121, 121, 132, 140, 140, 140, 149, 149, 150,
154, 162, 162, 164, 165, 169, 181, 183, 187, 192, 206, 206, 208, 214, 218, 224,
225, 227, 242, 248, 249, 249, 269, 274, 280, 281, 291, 292, 295, 295, 300, 303,
308, 313, 320, 324, 326, 330, 338, 340, 350, 351, 365, 6, 10, 11, 13, 15, 25,
26, 26, 26, 29, 35, 50, 58, 65, 114, 123, 126, 137, 138, 139, 141, 149, 149,
153, 159, 166, 177, 187, 193, 203, 203, 205, 208, 209, 212, 213, 214, 224, 227,
235, 239, 242, 247, 249, 263, 264, 266, 276, 278, 280, 280, 288, 289, 289, 290,
295, 298, 299, 307, 311, 315, 331, 335, 337, 344, 356, 361, 1, 5, 5, 10, 13, 14,
15, 17, 22, 29, 29, 33, 40, 44, 44, 50, 53, 55, 58, 60, 64, 66, 70, 70, 73, 91,
92, 101, 102, 103, 107, 108, 113, 131, 135, 135, 137, 143, 149, 153, 153, 155,
165, 166, 168, 169, 173, 178, 181, 184, 188, 196, 206, 206, 208, 215, 226, 228,
230, 237, 238, 240, 247, 249, 253, 254, 256, 256, 265, 266, 267, 281, 286, 298,
311, 312, 313, 327, 333, 340, 340, 341, 348, 350, 355, 360, 363, 4, 23, 29, 41,
41, 46, 52, 57, 60, 66, 69, 70, 71, 73, 74, 83, 94, 109, 112, 113, 116, 130,
131, 136, 137, 139, 141, 147, 150, 156, 158, 160, 167, 169, 170, 172, 188, 190,
190, 193, 195, 209, 217, 223, 224, 252, 257, 261, 262, 267, 279, 283, 286, 287,
291, 293, 300, 314, 316, 318, 319, 321, 328, 329, 333, 345, 347, 351, 358, 2,
10, 10, 22, 34, 39, 43, 48, 56, 61, 62, 66, 77, 94, 98, 100, 106, 112, 113, 113,
118, 119, 126, 130, 132, 140, 141, 147, 152, 157, 161, 161, 167, 170, 171, 179,
188, 194, 197, 206, 212, 214, 214, 215, 216, 226, 234, 236, 244, 253, 259, 263,
263, 271, 275, 277, 287, 291, 294, 295, 301, 304, 305, 306, 323, 323, 327, 330,
338, 340, 353, 354, 357, 357, 361, 363, 3, 12, 24, 25, 29, 37, 42, 48, 50, 55,
61, 68, 71, 73, 73, 75, 101, 103, 109, 113, 114, 136, 142, 156, 159, 168, 168,
170, 171, 172, 175, 177, 207, 218, 239, 250, 253, 256, 270, 273, 274, 278, 279,
280, 281, 281, 292, 328, 334, 336, 341, 343, 351, 352, 361, 363, 5, 6, 15, 25,
31, 35, 38, 41, 41, 46, 48, 56, 59, 86, 91, 104, 108, 109, 111, 114, 122, 123,
124, 131, 132, 140, 141, 145, 145, 149, 149, 156, 157, 172, 178, 180, 185, 186,
187, 187, 190, 198, 204, 204, 206, 206, 214, 219, 219, 223, 224, 227, 228, 242,
248, 250, 251, 260, 263, 267, 270, 270, 272, 274, 290, 310, 316, 318, 318, 327,
342, 350, 351, 351, 358, 358, 362, 364, 4, 12, 21, 22, 30, 33, 36, 42, 44, 44,
61, 74, 74, 76, 79, 80, 94, 96, 96, 112, 113, 119, 124, 130, 141, 148, 149, 149,
151, 158, 164, 165, 167, 170, 172, 174, 185, 208, 212, 212, 217, 219, 228, 233,
235, 243, 246, 257, 272, 301, 302, 303, 309, 316, 317, 318, 328, 331, 334, 334,
339, 340, 352, 355, 355, 364, 364, 3, 5, 15, 25, 30, 31, 31, 44, 45, 50, 57, 58,
61, 68, 76, 87, 89, 92, 93, 93, 104, 107, 115, 116, 118, 124, 129, 137, 138,
143, 156, 174, 178, 179, 180, 182, 185, 188, 203, 204, 205, 207, 212, 213, 215,
216, 217, 218, 224, 234, 238, 239, 246, 248, 251, 256, 262, 262, 271, 276, 280,
281, 293, 300, 302, 302, 303, 307, 328, 332, 333, 334, 341, 348, 349, 355, 356,
365, 5, 5, 6, 9, 10, 14, 14, 21, 25, 35, 38, 41, 48, 63, 64, 66, 69, 73, 73, 76,
77, 78, 81, 94, 95, 100, 100, 105, 112, 115, 122, 123, 132, 134, 135, 135, 135,
168, 174, 174, 176, 185, 190, 191, 194, 209, 219, 223, 224, 226, 227, 231, 232,
233, 234, 247, 249, 252, 254, 259, 287, 294, 298, 299, 304, 306, 311, 319, 322,
323, 325, 327, 327, 331, 334, 334, 337, 338, 339, 350, 351, 353, 366, 7, 19, 20,
21, 22, 25, 36, 36, 54, 58, 69, 69, 74, 76, 80, 87, 90, 92, 94, 94, 103, 105,
105, 108, 113, 115, 115, 117, 122, 125, 140, 140, 142, 146, 158, 159, 159, 163,
166, 169, 176, 181, 183, 191, 201, 214, 223, 227, 245, 248, 261, 263, 264, 265,
278, 288, 288, 290, 292, 292, 299, 307, 310, 312, 314, 323, 324, 324, 324, 325,
333, 335, 337, 337, 339, 342, 358, 363, 364, 3, 6, 21, 26, 27, 28, 37, 40, 40,
40, 57, 64, 70, 74, 75, 79, 83, 88, 98, 103, 110, 111, 114, 115, 116, 116, 124,
127, 133, 136, 137, 138, 138, 151, 156, 157, 168, 169, 170, 189, 190, 190, 190,
191, 195, 206, 213, 224, 231, 232, 233, 234, 250, 260, 265, 270, 273, 277, 287,
288, 289, 294, 299, 300, 308, 310, 311, 315, 327, 333, 334, 345, 350, 354, 360,
362, 28, 37, 39, 43, 46, 49, 54, 56, 60, 60, 62, 65, 67, 69, 74, 83, 88, 95,
101, 114, 115, 123, 123, 127, 129, 134, 136, 136, 142, 148, 152, 157, 162, 172,
182, 189, 189, 190, 191, 200, 208, 210, 220, 222, 223, 227, 228, 229, 231, 245,
246, 266, 276, 279, 293, 301, 318, 319, 323, 332, 337, 341, 345, 351, 361, 3,
20, 25, 26, 28, 32, 32, 40, 43, 49, 52, 58, 60, 72, 81, 86, 87, 91, 100, 101,
105, 116, 118, 119, 122, 134, 140, 142, 153, 160, 162, 165, 175, 182, 185, 195,
198, 200, 225, 226, 228, 231, 233, 234, 239, 247, 251, 262, 266, 266, 267, 271,
271, 278, 278, 280, 284, 287, 288, 289, 289, 294)
n_knots <- 30
n_points <- 2000
positions <- 
c(21.7808651568523, 19.4175150305586, 16.544775251998,
16.5490341215176, 16.8122905293463, 16.3476904728661, 15.8295165989489,
13.891022806403, 14.0410069628752, 6.98735365074631, 6.4689867460983,
5.51801357031258, 5.3380955197952, 5.12868549527034, 5.1035771286742,
5.14443544498179, 5.53673522085116, -0.826464217097526, -1.04843503984074,
-1.62980381919034, -1.52156137950977, -0.570044242512303, -0.235215991534873,
0.0464212952435145, 1.20868696756621, 1.15507276502461, 0.203785688746198,
-0.725095600623865, -2.19974645596298, -4.54301198474882, -5.06565897132788,
-8.73408580955171, -8.73930602215194, -6.13181361514302, -6.30691711843031,
-0.790857934632076, -0.747841637438483, 5.84014731743274, 7.1148467824221,
7.38248163059517, 7.36012807937943, 8.6869163067004, 8.71330440709334,
9.73727546428234, 10.0227390306512, 9.27360624552604, 8.8618278493234,
8.83984447510832, 7.86866947168732, 7.88619554968828, 6.79550720077208,
7.88005295989308, 6.03960039298777, 2.78387184664571, 1.26129091415695,
-3.42724771702034, -5.92578936053395, -10.3137642655075, -11.0754926105087,
-13.8682376451588, -16.1352179986441, -24.0252512580751, -23.0996840044932,
-22.9831624558134, -17.7581637688177, -13.8978656673117, -13.3827603822597,
-13.3150390829494, -11.819629994099, -10.8835684131833, -10.0344196519786,
-8.67803436408367, -7.94804889284247, -4.9557230313297, -3.91880261003231,
-1.13321444721516, 6.40495597297401, 13.0024314177178, 12.7931911196577,
12.2825433106648, 10.0963531006964, 10.1175713561187, 8.84903553517406,
8.96407292913966, 9.01598431599361, 10.1041159706701, 11.2969423791573,
13.0595431448449, 18.5182506628998, 20.1978283046668, 22.0314061658053,
22.5508751840064, 23.2871451765282, 23.1489447545992, 21.8877646405653,
18.2435135058145, 16.5695915544438, 16.588567774158, 17.2906746576641,
17.3039093861622, 17.4641649637715, 15.7973926973195, 15.204234759335,
10.5274061295953, 5.3071378213078, 5.17042047530898, 5.02672956000912,
5.55291247294345, 5.53768108918813, 5.13349090574198, 5.05745670972064,
4.57267540673369, -0.620742757004542, -0.69427000504053, -1.59952378125531,
-1.21564966345735, 1.1135280902379, -3.09058770113265, -3.5693749895906,
-5.62626893873874, -8.40554251419425, -7.78134447351981, -7.09140502766808,
-2.8937976383423, 7.38730736386012, 7.20759565653538, 6.99164817890534,
7.15368449265558, 7.56506501296924, 8.59713294168541, 8.43143452652606,
6.3054847364367, 7.59245389060979, 2.70591893515624, 1.22936980834525,
-1.74873629117799, -2.30677096898941, -3.39727107442827, -5.95645818222682,
-6.43300241897929, -19.0664701521017, -21.8717276319957, -23.938764510829,
-22.9971282714485, -20.7590459563471, -11.7073192878767, -9.04672139379122,
-8.11118840217992, -6.78204953020489, -3.07268519685675, -2.28097751292223,
0.101122863462424, 1.59208510415459, 10.6805014704441, 10.673706031274,
11.568207997599, 13.2495345470475, 12.3753859556106, 11.8768459826483,
12.0337170391372, 11.4414366036941, 11.0357427140933, 8.85030312423134,
9.01948337247158, 9.61744350571935, 13.9157068026757, 16.1779953318231,
16.1393626509098, 17.2339559816082, 18.1410523418998, 22.5656365343716,
22.5764059204358, 23.6142961954306, 16.996322691831, 17.2846590753625,
14.6124150038659, 5.44407014302817, 5.22801703395475, 1.24299469300133,
-1.3749400090006, -1.46791542347096, -1.58685503422773, -2.19245345495731,
-3.11153200254561, -4.03971732779676, -8.75216062823054, -8.3561901526504,
-7.12844727878829, -6.1840638415786, -2.94810103612935, 1.56754601534301,
1.63906626285888, 2.80824527702219, 4.45933307811053, 7.2971252967147,
7.06849356535534, 6.89258803415465, 9.676909465681, 9.95387748764039,
6.35471304215982, 6.71568208019927, 7.12895145433527, 1.67022989342028,
1.23476398967029, 0.721234162837463, -2.34359581365711, -2.84999216328224,
-5.47576911637791, -12.7921550377029, -16.0817976048006, -24.1887136398339,
-24.1996813278832, -25.1225086565429, -23.0041772301659, -19.5823742690416,
-19.6225940867873, -15.5296030924513, -13.7801414671105, -13.3724880716309,
-8.99951529108707, -8.88558303191828, -8.63235152685297, -6.95948120439469,
-6.99428425006781, -6.55024225127016, -5.71685351944136, 10.7014854302008,
12.9988379424356, 12.9860105858259, 12.6970842837212, 10.4327675669329,
9.31298132711516, 8.94888812857095, 8.87794174740536, 9.65727468841752,
17.2032215161981, 22.0363939384909, 22.9137378436399, 23.4544989184473,
23.4204389862892, 20.1496326061904, 16.51056799764, 17.3454043244916,
13.9919644695937, 9.28595125716832, 9.27694613618373, 4.980500499906,
5.24488579133478, 2.54985331460081, 1.54096851705474, -1.34735722755143,
0.948343161435672, 1.29929958851171, 0.873581628619243, -0.740883426168371,
-1.65138942513004, -5.07280729526252, -6.77693282311542, -6.82555393205944,
-7.83724835679658, -7.05940679264492, -5.14691353443233, 2.33218804626008,
2.25812951023444, 3.36817707243964, 7.13736582523161, 8.26301031437215,
9.29503055362128, 9.36114131638116, 6.32485516981144, 6.82337830996328,
8.1776056358628, 6.6457287771012, 6.63747576902024, 5.3844010209245,
4.58939375572789, 1.20823368835813, -2.41054190964313, -3.83053070367749,
-11.0414702705811, -10.9615344244878, -21.8916353581969, -25.1916718602767,
-14.825684822113, -13.8137957616275, -11.8039482920731, -8.35890121374127,
-7.41113979331021, -6.9063034242689, -3.1624865455413, 12.4001337789338,
13.0934639814051, 12.9888077281954, 11.5751051679746, 9.26067192637989,
9.11786272499665, 10.7608683818239, 16.0999553643133, 17.6867063489935,
18.1713243265521, 19.0647813209722, 20.3063826373782, 23.7773490814544,
21.8753431072915, 20.9517070430925, 20.1290680139465, 16.8938066384884,
16.868568876538, 15.1760502844027, 9.3239357297544, 8.6800430324544,
6.48850304695204, 6.4679767705404, 6.14901719055796, 6.10040495888659,
5.69292454392342, 5.08541951309136, 5.55628218786095, 5.41433543413043,
5.36439462414364, 5.21325768489227, 4.52876421289687, 2.04164991642564,
-0.641923395364556, -1.3166113201169, 0.506856716885832, -0.289818801173594,
-0.233148496512462, -2.18248799402867, -2.25417767665914, -5.71649775440646,
-8.58313349381368, -8.40883010986938, 5.85449861107957, 7.41420434077042,
8.3286929546459, 9.92336255955725, 9.63210314049436, 8.80723394589448,
5.31199661666836, 4.01240127612916, 2.7828932508084, 0.232305636023825,
-12.7985801557464, -13.767915877716, -13.8704717433274, -21.897579375464,
-16.8495955053562, -14.3045606438797, -11.3594950926118, -11.0228284541312,
-9.28993286579129, -5.58407404706504, 0.173952850351199, 9.39061581934951,
10.5943277106569, 12.8891535499161, 13.3998813353876, 13.0860100564218,
13.0061925240649, 12.840157836464, 11.053104266418, 10.6050328119687,
8.95699576356095, 8.87476286453789, 8.82746709918911, 8.84977956710205,
10.7349946424787, 10.7502309199782, 13.0966918012914, 13.8898496607424,
16.1716076101647, 20.8902833862253, 22.8946035618675, 23.1408931666188,
23.2772166753785, 23.4156643469652, 19.4753677823049, 18.3029027029016,
16.9718268157249, 16.7180476019829, 15.7710846294923, 13.8463996643283,
12.8576299546798, 9.98653007924947, 5.71929242341448, 5.06292244396707,
5.25668910812395, 5.44035949938104, 3.15383406759546, 1.23194396424308,
-0.942248156014963, -5.12842635340136, -6.81993152630296, -8.77001209834247,
-6.19047511949706, 1.6237759097376, 2.2013668201, 2.88415063304307,
2.85715833440177, 2.87169971034991, 7.34705189215973, 7.30890775117792,
7.4291684567246, 7.01861992855931, 7.41703993928, 8.02387900393857,
6.81899639955809, 6.06887183532202, 4.63042124075114, -1.7186552258633,
-3.81386783179309, -4.70882321696663, -5.39217910133592, -5.9933909375611,
-8.88558597230797, -10.3098035569589, -24.1487675424379, -25.2591141059366,
-25.2269588698222, -16.956793407349, -14.4053773197674, -11.7474615964044,
-9.38917459894986, 3.21408800326845, 3.19379725017088, 9.5014973635938,
13.1451014346365, 13.238540060267, 12.0110866331093, 11.9528439202804,
10.0756870732777, 9.66133954099828, 9.00186896865132, 16.1550488471805,
16.1601767850537, 17.6393990160964, 22.6568443012337, 22.664901633842,
22.5914574108458, 17.8573304938349, 17.1460742841576, 11.9320206987279,
11.9251478253549, 10.6175683663012, 5.29482616443629, 4.90094072374625,
3.58466462566088, -0.540771607012607, -1.65785790592558, 1.09830411886202,
-2.64921915441316, -4.43594565218846, -6.11080182670826, -6.84935780808668,
-8.68504755273062, -8.61134185511534, -8.73539954047922, -6.18090773127051,
5.35526127713264, 7.29240626824334, 7.0543440140216, 9.74676456038348,
10.0728384947673, 6.3242577906015, 6.54915335496598, 6.55794611245645,
7.19870488126252, 5.95391867248871, 1.67704316999828, -2.83818646919254,
-3.37451809150509, -4.24065942244221, -7.53919045428357, -11.0845731069448,
-13.8209976515051, -13.9245963821015, -21.828395799725, -16.8162523880179,
-14.9755546829142, -12.9821263338492, -11.9588495998093, -11.7152829115026,
-11.1310185052991, -9.27220582370868, -6.96388434138586, -5.84688642315244,
-2.28740999299679, 4.72206865119271, 7.98761061527957, 13.3616127345066,
13.3136528690112, 12.9473643680848, 11.9643715780886, 11.9804879731262,
11.535886300242, 10.0023825453033, 10.0139120994392, 10.2472355258777,
11.4438192773092, 19.6546895840548, 20.9088027714052, 20.8759105900738,
22.151387163471, 23.1474329396236, 23.2946996225036, 23.4491355928328,
23.761572493453, 23.9130288544986, 24.2607208015663, 23.3553745124185,
20.1166693606814, 18.2283820468307, 16.5426891227629, 16.58155605342,
16.7840103753659, 13.9445980389468, 11.4678730388198, 7.49626076946753,
5.07576985198344, 5.05559011523121, 5.4585416908303, 5.21717154832794,
2.9937502042005, 2.13587519806684, -0.342189533536801, -0.806742448446794,
-1.32754586160538, -1.36758363360477, 0.497513383866004, 0.752679748718114,
1.15678076013818, 0.873320139191065, -0.737942688962578, -4.07708809821286,
-5.644406454879, -5.58551078472658, -8.79233645577656, -7.79151249066667,
-5.04556456267411, -2.92031339292374, -0.834684349646267, 2.8430388884616,
4.35227241241629, 6.32578572751489, 7.33857754190199, 7.28263720972599,
7.11949459320098, 7.22134073189262, 8.69564994344898, 6.79271726918324,
6.7194784547872, 6.26847970411817, 7.88764718483953, 8.00982756901064,
5.9289087410271, 3.28507535828034, -3.32519102062376, -11.1395671467162,
-11.8755568424466, -21.9539834454413, -18.531363222815, -12.2853633970659,
-11.4261149351069, -10.4618173418272, -6.16789644991202, -3.87288564765296,
-3.19056493136693, 6.42206310564521, 13.1128201991444, 13.0753479232786,
12.5262677326255, 8.84292965666782, 9.00094437970853, 16.6670102129286,
17.6976927383516, 22.6828973434027, 19.3915335912394, 17.3336424865173,
14.0347965289597, 11.0393946755543, 6.13243653467575, 5.30486660984086,
5.34191903827945, 5.27690665356005, 5.30445755916513, 5.19707007766498,
0.175643018176844, 0.148008263058525, -0.247162206630261, -1.06657244509453,
-0.230577025735917, 1.00492296967365, 0.818496581079207, -3.55808770043102,
-5.08464786061571, -7.07471649307795, -6.1898054582988, -5.10373593378108,
4.85733656368777, 6.23871713089164, 6.30890774043575, 7.03098374137215,
8.69867215010437, 10.0459563323511, 9.3145346668491, 8.79424239884507,
8.75333126137031, 8.41352099208332, 6.68602539753422, 6.42407275677134,
6.36324208763669, 6.3610582163994, 6.58860327528314, 7.94120844727557,
7.94054316686122, 7.20679647755278, -2.25722932144708, -3.35762776345317,
-8.12979433830157, -10.2311793530057, -10.207164094352, -11.9228628976528,
-11.9177426369565, -11.8665955185925, -20.4431521977674, -20.7711238586132,
-18.6204113834229, -16.8336299793175, -15.5902760191405, -14.4228898310383,
-8.69175729892411, -7.92554433743051, 1.5454086802446, 7.95505928429411,
11.7470230227682, 12.9822917617088, 13.3596120215375, 13.3810619773741,
13.1622017096937, 12.365137712343, 10.7385491492698, 14.6927349180539,
16.1490435172223, 16.7707653420582, 17.6858150055714, 19.5284705983671,
23.260568670345, 23.3237353058958, 24.5148488297476, 23.3969078377775,
21.7940814875893, 19.3692422866033, 17.5127411405364, 17.1621284827317,
16.3943881869842, 15.1561973149343, 8.73452983092237, 6.96344978595033,
5.73392221414125, 5.50029867179543, 5.23873828640912, 2.62030586735311,
0.881397144410738, 0.122314749008941, -1.53940340661459, -0.817459273757453,
-0.184287005266391, -0.241818907737687, 0.848811742954227, 0.536549447677374,
-2.72548819366968, -6.8469725219921, -8.82841965246057, 1.63026242973632,
4.85307072842882, 6.91437025675219, 7.21963947061486, 7.19920166840826,
7.18708646457429, 7.07493917796151, 7.13694966336282, 7.01761075512002,
6.97703943984758, 7.28555032445222, 8.27077516121176, 8.96899178860509,
9.77191407740658, 9.86063420246582, 10.0104477594878, 10.0821675280749,
9.95043223283928, 6.23586377034667, 7.05770554858724, 7.82989574874747,
3.86793312140872, 2.75006849283124, -1.2424000855107, -2.32747159443831,
-4.19505584375916, -6.8716591207462, -6.9673220095613, -8.10142867407997,
-10.2609223134709, -14.8496214426829, -24.2619169718622, -25.280150514017,
-24.7769701387479, -21.9539643052462, -18.6313335792629, -14.9807484922189,
-13.332653759782, -12.6901706190243, -12.5751074458625, -11.3526876577585,
-9.0212624325876, -8.62839121451483, -7.94767078596026, -7.20190489322509,
-7.27574390642906, -7.00567403448257, -5.94973027496125, -1.13845503825875,
9.32218925833646, 11.7527410590266, 13.3413257998796, 13.187978130507,
12.618420031401, 10.5386878204526, 10.5258167791633, 9.00153952785333,
8.92764073478688, 12.2274312803855, 14.739818749786, 16.1819042553346,
23.2846027693801, 23.3656643644888, 23.4298914888473, 23.5805021826702,
24.4101478634309, 17.5131465460159, 16.713021084784, 17.1764803152088,
15.9426219936784, 12.9520205218121, 11.5184862005831, 9.30023853625693,
5.9835947812029, 5.06395573968817, 5.16182625962029, 3.64819626866123,
3.10109881252448, 1.55818695471228, -1.73534355490428, -1.69420357526648,
-1.41945148697657, -0.509056084488067, -0.222286452588796, 1.22552763832184,
1.15707833018408, -0.27489161283304, -2.70831479305027, -2.72292945972143,
-3.14188383047618, -4.51441994301493, -8.68227128426668, -7.80100347939017,
-1.80589209724746, -0.911302573754708, 7.1236272926904, 7.40402457636406,
6.89469394287158, 7.46076007202053, 8.04577757645974, 8.04297989275437,
8.34415160888654, 8.64535943507129, 10.0230655634344, 6.77189645604445,
6.31140017562035, 6.98904723830529, 7.9777266637915, 7.54924896032942,
1.18543775678646, 0.250624298202256, -1.32541227358436, -1.78828566240963,
-5.92963435096601, -9.50170802081042, -13.7745927282833, -22.9731174708972,
-19.6273359025411, -17.7305399152927, -17.8167048606821, -16.9052126585975,
-13.8695745809719, -12.9055749781812, -12.1337974104303, -10.4861817532269,
-8.71191697432536, -7.7488740519965, -6.54753321001817, -5.59724873554913,
-5.30653066915177, -2.28947253151453, 0.0712231173670402, 0.0910034329631675,
1.57561762371748, 13.14113886877, 12.3346127180516, 12.2786103043928,
10.604501737091, 8.82991062275022, 12.2390653886027, 16.7374458069,
19.0759743746662, 22.1962166788882, 24.4239863569678, 23.9106843745408,
23.8418050951314, 17.8328863553851, 17.8230719934075, 17.1484828650252,
16.5817082205988, 17.3765428452023, 15.208480745217, 15.2205641116552,
13.9474943627996, 10.5541032535693, 6.91097744124961, 6.94337515031482,
5.2830980381403, 5.07907850488546, 5.39397647731638, 4.07160363661778,
3.52882081761662, 3.54900015878439, 0.224267340317664, 0.166728147863439,
-0.12176038927406, -1.09731078215177, -1.19878603642059, -1.1672161671687,
-1.61788913804369, 0.14541576322839, 0.688052761052946, 0.147448589637591,
-1.20767900039028, -8.60079744157438, -5.12628473565165, -5.15179067088856,
0.899906774771718, 4.38975117181666, 7.23218459383057, 6.96222136452418,
6.93361591171472, 9.02312163015278, 10.0539339790925, 6.48295829857003,
6.24676128805682, 7.65574095094636, 7.59920960239186, 5.90085731579721,
6.00250588057678, 5.26174593041266, -1.21859617196629, -5.45312875148118,
-10.3175195205951, -23.1094899033716, -20.7880078224233, -17.6783360531643,
-14.3912913156279, -12.6458253162697, -11.6615346479989, -11.4644720358318,
-10.5493776955129, -9.67656145781707, -8.06377945290048, -7.82881083839987,
-7.64216402191781, -7.30635956238399, -7.04826834995172, -6.65296110780921,
-6.16408562131684, -5.68435453695925, -5.27293952698868, -4.91165622158669,
-3.88860437005001, -2.28990136433669, -1.14580734335048, 1.62160621412528,
3.19777155106235, 11.6753644332728, 13.0287887873653, 13.4119445109316,
13.1904275428554, 13.2564241741485, 12.608670630664, 9.69828032365358,
9.30890316963121, 9.60680884340625, 11.4667405161144, 15.5236108541969,
16.873677561443, 18.618316604488, 19.6525561463379, 20.2293191885457,
23.9983200545437, 16.5470967824463, 16.8800222100523, 17.2608492582451,
17.1600696594482, 13.4020005622514, 12.877062014649, 12.4998531587472,
12.0039865269773, 8.1297616716258, 6.48758186897525, 6.13471768047193,
5.06976770429205, 5.04408610125079, 5.3100254337974, 5.52438540861876,
5.53641579271415, 4.56780155873776, -1.10662993478558, -1.50345822515925,
-0.624334609697384, -0.198438642443752, 0.0326873592906912, 0.716927709618793,
0.919722058932301, 1.08592915444495, -3.06710624039324, -4.52960929044181,
-7.51322032116496, -7.08293692825463, -5.12435812843827, -2.9225312039296,
2.19286629851639, 4.90330728129961, 5.37549882400484, 6.92572745306392,
7.32096117547019, 7.3531624051317, 8.0529699067592, 8.2805792547992,
10.021614999351, 7.08499332904736, 6.27757575951414, 6.1817904188399,
7.61746350912289, 1.73639336266824, -1.21454743180299, -4.60508157841841,
-5.49005073932052, -13.8499138163944, -21.9575661133262, -24.1848740005705,
-24.0591169789835, -16.0759594309853, -14.4054965386578, -13.8255811529044,
-12.2733661667844, -11.5818006213213, -10.8985498802525, -7.91957052128977,
-6.68500506203254, -6.45788295283825, -6.38056154775174, -3.15254285559444,
-1.19397741694521, 12.5512674803317, 13.2307495326923, 8.73628813307314,
12.2374895295435, 12.2277487374901, 23.0885434999362, 24.0654951705372,
17.7217264334482, 16.4731441136506, 16.499896226592, 16.5095004869056,
16.6345103891805, 16.7505034482983, 16.3421818182285, 15.1330739339078,
14.5991169757638, 11.0710004447193, 5.93760708246801, 5.74774184717433,
5.3633918641376, 5.33614448098979, 2.53634821697916, 1.59811703318115,
1.05516183559318, 1.05155659839131, 1.10500920757216, 0.849829506812447,
-3.66027119678094, -3.58480797664047, -5.09690624357756, -5.04928065783953,
-5.55884325615982, -8.34330697582184, -8.82210659678295, -8.76629033794368,
0.113447749911888, 4.87358763958624, 4.86320674163426, 4.8734381390534,
7.37558035740927, 7.37050876032227, 7.28906946917994, 7.08114920433097,
7.76148861716826, 7.71434426090852, 8.41850430853685, 8.68882764347107,
9.99805841483691, 6.59271102075176, 6.24874462838772, 6.56609910283159,
7.94352421090971, 2.16217876634475, 2.25364593772807, 1.10222520888118,
-1.84123851663325, -3.81450875826268, -6.42132700219411, -6.98572050687076,
-8.17193240944833, -24.2010906386336, -23.0338704170087, -21.9377972215045,
-21.8227291330486, -11.1275483645074, -9.22228917527636, -7.79708600150816,
-7.49650705935797, -4.53976779092604, -3.88917721727123, -1.19100338142093,
-1.18373737444318, 6.40305659866633, 10.6083964561586, 13.4319937820669,
13.1650102424505, 11.5616963254407, 9.63292060505669, 9.07563603572379,
8.97226589449331, 14.0427010033516, 15.5026238335467, 20.8530155263894,
21.5991112424615, 24.339682751347, 20.0843193001031, 17.7110563910557,
17.4315855121759, 16.9889098392838, 16.615101451382, 17.1235971701892,
16.7759219368948, 16.8278807260127, 16.8093437418508, 15.212505235242,
11.9925808140842, 5.23012359354361, 5.52906128586723, 4.1171593646858,
-5.6924236150951, -8.35123005043033, -6.21913640658458, 3.34078018211568,
3.88639680537563, 4.35252137978426, 5.31260805605774, 7.33959148273423,
7.37819964731391, 6.98775365955966, 7.24681495798133, 9.0693952590148,
7.95489940800924, 6.54810354575697, 8.09757355202211, 3.95938008732941,
3.98063888546262, 2.76063142675429, 1.16997925860094, 0.697178124183642,
-0.782145419778634, -1.26982826061201, -1.76793528589128, -6.39759349135288,
-8.12957428833477, -14.9004900200733, -20.4249523500184, -24.2048318647984,
-24.0188454437958, -21.992562021774, -12.3959352860905, -12.0986606669114,
-11.8393986768454, -8.62689730729912, -8.08523294020331, -7.66197283973459,
-7.75415864622101, -5.60846205016786, -5.29238673416467, -5.32487297440983,
-4.82198659491833, -1.22568006664382, 3.11813570223166, 4.74152930339634,
13.3070344286999, 13.2056408858301, 12.895216579752, 9.29154960673566,
11.4806492526215, 13.1728757866756, 17.6995346082794, 23.2204159587543,
23.8570796734641, 23.8694709737904, 20.9208344623668, 20.967443543198,
17.7488465528248, 16.9780358403362, 16.786153566731, 16.6650552831029,
16.5566297883248, 17.3729285843401, 15.2432731189406, 15.2056591273551,
12.927968635019, 9.3477775120023, 6.88181263845783, 7.02109466217595,
5.09907066378428, 5.04809727503507, 5.15750798099559, 5.45069687194339,
5.50003573349582, 4.48206859651423, 3.53318941363555, 1.51614311892464,
1.57622722491399, 0.403101325601802, -0.25253060638746, 0.134547724600118,
0.564654910671917, 0.130998119722734, -0.241740637778941, -2.25720209109537,
-2.63631020531365, -5.10459067439803, -0.791271549451558, 2.20024685999588,
2.18394300880879, 3.38273484451498, 6.3318427716996, 7.39624568566235,
6.98480313524805, 7.01446032631956, 6.98249643961365, 8.70071108315837,
9.06099041278357, 9.68286814649365, 9.93985371062534, 9.67234473283506,
7.48647130455311, 6.55312835026713, 6.22695328536789, 6.73999013065281,
7.94668765901229, 2.21433199052636, 2.19072379697396, 1.20829167462874,
-2.32410232551175, -7.63157488285302, -8.89962246826596, -10.307251057496,
-17.513284909553, -19.0622774363402, -21.8771462707548, -23.9851043910875,
-21.876944997663, -17.7133573184489, -16.9230140175368, -15.5150814410127,
-15.5693496054645, -11.9063219714255, -11.7300628442721, -11.5823012534296,
-7.49702210468896, -6.25759978268138, 3.17362365560688, 13.2641878684818,
13.2123020308397, 13.1088701028041, 8.91268453646276, 10.186889195714,
15.4580110876882, 15.5295867674062, 16.2081474302978, 19.6389494536238,
20.9484784686755, 23.2023310097073, 23.6160271841209, 24.267238661287,
21.8820753457911, 17.4173417598524, 15.1607464240866, 8.6963036027486,
8.65122637980807, 6.06846316195281, 4.98829852305315, 5.42362228414066,
5.46592498616299, 3.58866965389344, 2.02979688718383, 1.58433727505625,
1.20350994303105, 0.412920706641244, 0.20128029116402, -1.58927305290442,
0.740378637796433, -3.16819813577178, -4.65451256800068, -5.00289917769966,
-6.8654773525628, -1.85175955453364, -0.884766453612558, 2.82072728461123,
3.35603334506376, 4.34323048680953, 5.39734022263165, 7.42799382174883,
7.24398269546118, 6.93017847998679, 7.12281195823983, 7.39177734875514,
9.44532748641845, 9.91817021054741, 10.0349125656996, 9.89740504710149,
6.76753866070662, 7.3366349039913, 7.25780040965718, 8.15523250621632,
8.14001187948978, 0.758417206312317, -3.30281609476318, -5.90990140404077,
-6.43521184381789, -18.5242386753443, -14.9449653228564, -12.9243401394436,
-12.5805065967244, -11.5764216945029, -7.92462467947989, -6.96311706598344,
-6.09243904947728, -5.88631226492838, -4.42709363407955, -3.26388344566776,
6.41457075315308, 12.885446422396, 12.7868870961354, 12.3534754662883,
12.0019693597964, 11.0462891437659, 8.81407846698279, 8.94823776505359,
10.1326040620269, 18.1254901009772, 19.0765304190734, 21.5664926416971,
23.3455342266096, 23.3368324759974, 17.8046877709973, 17.792690231215,
17.3066013395079, 12.4666949340067, 9.96585818687899, 7.48221356391867,
5.48886760454624, 5.26554827335608, 5.39262857950927, 5.21332885748734,
3.58671391215095, -0.561887727553645, 0.693749664186195, 1.22550784055224,
0.885948568422327, -1.77548689269691, -4.65021291130705, -5.113226468655,
-5.12551997773001, -7.90436157290728, -8.3588178933033, -6.26937011825192,
-1.82769861501196, -0.00336223369809985, 4.83131585297442, 5.30130034846143,
7.35834524801215, 7.15025187099183, 6.97967635993152, 7.63087005065026,
7.53294097066841, 9.46419830256111, 10.01904731802, 9.98971892022379,
7.10388529275704, 6.89740067406896, 8.18674345594106, 7.65980394866303,
2.24228976511026, -0.768376843674981, -1.80203835418394, -1.80141152893991,
-2.36083903021434, -2.84925456968988, -7.5668598254876, -13.7814825123836,
-16.1672311758846, -25.1193080677323, -17.7109430096729, -13.8163461670225,
-12.3473051092443, -12.3700103392315, -10.418567182361, -8.98024796998541,
-8.43344627090383, -5.92285576471527, -4.53917262987815, -2.2797738649712,
-1.24388539322338, 7.96052674950162, 11.7010260663156, 12.4263222112478,
13.0457228193542, 10.0493253477926, 10.08739645125, 8.84413937413031,
8.96054971207022, 13.9924579337472, 15.5143753922093, 22.6380627474027,
22.9154782341955, 23.3720403691294, 23.2993841793015, 23.7879877146943,
24.2010740152664, 22.7270817709945, 17.1590289394056, 17.3883021082396,
17.1824439481938, 15.1088095961134, 10.9782685777696, 8.01879893970017,
5.53380672811779, 5.17650913667933, 5.21236771413716, 5.42776105613864,
2.60391303545589, 1.14382397175694, 0.460109601860052, 0.499530874757813,
-0.0546443267169309, 0.531289299894503, -0.282892955051223, -3.11159997034028,
-5.09338905236414, -5.69900181488677, 2.80424567062199, 5.91481984633811,
6.98004932267637, 7.19710912607004, 9.66702760484243, 9.66721843179672,
9.96343221489916, 10.0391818989967, 9.9551049178603, 8.80777867985911,
7.80654295169688, 1.73186824817555, -3.8546217960327, -20.5900743031119,
-20.7474213126351, -17.6932621596145, -15.4520762946292, -10.7689656978768,
-9.6942401870852, -9.28906793631019, -8.06088583237137, -7.83406142937641,
-7.73323398683525, -7.47775622507975, -7.49652606894265, -3.79811296339136,
8.88810828051238, 10.6653434535149, 12.2486818452376, 16.1133878722413,
17.2699339977832, 21.4561271819417, 22.1272599528882, 23.7914782666556,
24.2616239659935, 21.0342109796171, 20.2218926367528, 16.537390190009,
17.275109940931, 14.033477644357, 11.9583075862116, 10.5139425076165,
8.71452887778157, 8.59717942085642, 5.99167783393277, 5.4782064907437,
5.25366869370318, 5.45113924763888, -1.60102380146389, -0.233484022345081,
-0.766378295822803, -2.74146737292135, -3.09885215998835, -4.1457786542869,
-5.70006154378245, -8.6503354787863, -8.40928979019073, -7.81282527695976,
-0.832544050683929, 0.0952551650524396, 4.86622244710571, 5.28174740821316,
7.00523108667038, 6.95182168921232, 7.29838870453703, 7.36597678075366,
6.91372285740692, 7.03476323843123, 9.90700410431946, 7.44060162809894,
6.78527807673332, 6.22411842376085, 6.39772754507176, 6.48960139765753,
6.61297298737047, 7.32056298281046, 7.17933209004404, 3.25712990247564,
3.34906598435309, 2.22083365875923, 2.16961794742037, -1.78678584114984,
-4.27879192528606, -4.28248722437332, -5.91758558767116, -6.2936780593695,
-8.12142496723349, -8.83456289694129, -24.2329574481577, -22.9761999600429,
-20.886965348402, -19.6903266982215, -13.4625325487723, -12.3721739758751,
-11.6004363246787, -10.9032500765222, -10.8165588445273, -10.0561240213801,
-9.22266057339797, -4.99908762508335, 13.2723223991212, 12.7793296392341,
12.3214127850332, 12.3019971614208, 8.94583585858297, 16.7647648446288,
20.9640941318863, 21.5709564644175, 21.541977004387, 23.3201352306542,
23.3089168278453, 23.9542885988508, 24.4513344278892, 21.8737217411591,
17.2093282160927, 17.0893792250822, 17.3019092978694, 14.51516571733,
12.9044877344232, 11.5022812768536, 8.11072327402328, 6.98343170049922,
6.89593354844354, 5.38192817186469, 0.168858444331636, 0.198910712881457,
-0.291237331140904, -0.965766445973292, -1.24460826736825, 0.85433206705203,
1.19984572451045, 1.15272451465216, -4.52728033360091, -4.98951858458748,
-8.31894320514133, -7.83403302774153, -1.89391214898704, 5.33093095651555,
7.42847491056698, 7.40646112062605, 7.322289336362, 7.16818066822738,
7.07994977335861, 8.32893782607256, 8.6511186389418, 9.39468833025816,
10.1086568615657, 9.96866263206675, 9.27423557995963, 6.32205084403588,
1.18529055344591, -0.721148990965803, -0.686266885684986, -3.34757692951759,
-4.24345361183295, -8.85819811116526, -12.8214887225242, -14.907421207612,
-24.9149621934267, -24.7812451970214, -14.9087128693159, -10.098157580591,
8.03168870706307, 9.46672138315431, 10.6356312543062, 13.4437176681177,
12.8186946914472, 12.566174299016, 12.375908303664, 8.81624991072052,
9.28209098745869, 10.7654577719975, 10.6489600195817, 14.7598028522689,
15.4004097219311, 22.0629381165877, 23.070761386419, 23.1264793839614,
24.3765486786159, 24.3109072979058, 22.6055909042597, 21.0109765238193,
16.7182141205487, 17.148142855362, 14.588057766335, 13.9040001767896,
13.8991193385631, 6.93216976533589, 6.51779018422188, 5.07725934138569,
5.38354163540077, 5.58504132044578, 5.39294015567035, 2.59783513292257,
-0.4299913438259, -1.32029591454055, -0.878102509159888, 0.174407771183435,
0.445413164946678, 0.531086499354078, -0.745931385437763, -2.12389591116279,
-6.25412088492974, -6.85059991143686, -7.95546699207907, -7.76748514834665,
-2.9684605405182, 3.39769570661161, 3.88948931013203, 6.26547149465759,
6.8689484776, 9.29026948545591, 7.52437087318607, 7.07340682367072,
6.88011115381808, 6.34787300095741, 6.27550799420887, 6.79533564351832,
4.02296485824773, 3.2491235237061, 2.77617430212833, 1.73190819424038,
-0.807666510182585, -1.26797167028307, -2.28501681051849, -2.76715204596433,
-3.259314947505, -3.80958102939312, -6.32524230998584, -13.7674626593644,
-19.0270945854147, -20.3413014841421, -24.5862834069588, -22.9675433836173,
-19.6729138570805, -15.518655870785, -12.6386966938394, -12.5593385046038,
-10.5447369356201, -8.72749963062487, -7.77156131718097, -7.52845867787328,
-3.15814550665744, 6.40703792827333, 9.41727709525961, 9.3983111150137,
10.6479339697138, 13.2989214385208, 8.85364066719349, 9.69860386085123,
10.031099072604, 10.784769892629, 16.2124191252016, 19.6074696317458,
20.2437117848706, 23.1151141374139, 23.1486003916357, 24.3378031924389,
21.0072059693196, 20.9821249871287, 20.0458790345044, 18.2813007447529,
17.9030296941409, 16.7539301892013, 16.744882157197, 17.1688940214825,
17.1579819790541, 12.0262182685362, 10.5448741584223, 8.66832810269531,
5.50059295970818, 4.8187942138664, 4.50767263388358, 3.55826447787022,
2.05149789157193, 0.419620186765095, 0.517603362808296, -0.418245832831889,
-0.564416200354458, -0.755738589354069, -1.21509936275047, 0.805379789202203,
0.933097477723242, 0.870003418680308, 0.833994766296277, -1.16495610545054,
-4.50869357746145, -6.22619186312653, -8.68882001868082, -8.3249550627856,
0.0936158478946807, 1.5657000415823, 2.27172639908457, 2.27910293198512,
2.35475688216137, 9.76853115199586, 9.25209271089533, 9.19998028481815,
8.37522009378209, 6.21101923758893, 7.31397929326608, 7.67434556254756,
8.22206163351664, 0.699070578370706, -4.25342726621522, -5.96462086696236,
-6.4385979261325, -7.50009924962833, -8.17243723174484, -11.0181314617005,
-11.806480357448, -12.9140236978865, -13.7335442551237, -23.9997236582363,
-21.8666795492014, -18.5912553243355, -16.9454241547856, -13.7909810500033,
-5.98820755019021, -2.26172201054691, 3.14169766278741, 4.64593302383243,
11.7005667142359, 13.0367318265722, 13.3033735233345, 11.8480851940675,
10.5511570708411, 9.9487305867843, 9.46642372810145, 8.91699048592749,
8.95282894724368, 9.22278042232253, 10.7382576625062, 10.6914107034108,
12.9628858785002, 13.8536716346741, 14.8034181041128, 20.930681212136,
21.4363117236353, 22.6555095098186, 24.2297818689903, 19.4344006162459,
16.8088249476509, 16.9544650589882, 17.142913677876, 17.317434801431,
17.1300065576386, 11.5150168069406, 11.4532969921262, 5.14584334746051,
5.39885507133578, 2.05807785925217, 1.99073132051178, 0.182302532192132,
-0.405359811368815, -1.18004723465764, -1.36523046582775, -0.583653359182349,
0.0713710067981641, 0.800417680135847, 0.758204841915501, -0.240733090134952,
-1.20518751705652, -1.26301664198722, -2.63193372406465, -5.10897044012604,
-6.25695225285795, -6.19210690344004, -7.44965571357088, -8.65469078468174,
-7.06820272341014, 4.92760248592492, 4.83845519913139, 5.86556039659016,
7.25044214084997, 7.09376423125255, 7.2805123182958, 7.21562566221284,
7.95603758530456, 9.04962019913717, 10.0106406050472, 8.40393800626937,
6.53741128416301, 6.23429288773079, 7.68738901920362, 5.2963019587793,
-1.76689479907367, -5.93720422521479, -8.23908505121394, -25.1204795089819,
-23.0035632949351, -12.9615182936077, -12.3341762281536, -12.0940446050094,
-11.9588780199075, -8.13193557161584, -5.58741539632241, -5.61878087557908,
-5.04998308699884, -3.80575551096245, -3.91834713052654, 4.80755801858512,
13.2717391744973, 13.2919731577215, 13.1784523657234, 13.0143030824537,
10.0322903906729, 9.65617755598078, 9.7294144472979, 9.71840116033438,
9.3084192022998, 10.0686365216914, 11.3571819797667, 13.1601935520996,
13.0399339676501, 14.7175538001216, 16.7965612084818, 23.4434701241611,
24.2396803057603, 24.4244844116386, 22.6288407935762, 20.1388157677077,
17.2014983191233, 16.8801689195346, 16.3614296615572, 15.8730055948587,
11.0637673194143, 9.36477510503537, 9.28780222270648, 9.30165621583787,
5.38612889958889, 4.54402202009848, 1.58476029427971, 0.203557526651676,
-0.0496427603049521, -0.938780023206987, -1.5371051371699, -1.1090170676464,
1.21117625722513, -0.184863763611145, -3.48969892674343, -4.07297062520132,
-5.6864681773112, -6.17542960623817, -6.77983980122999, -6.82562950088735,
-7.84703502455947, -5.18162912753807, 0.881784367977056, 2.78263801412084,
3.4325704978351, 3.82475121592971, 3.80995283270752, 7.16375970204901,
7.10766101904389, 7.11215688881028, 9.72586848771766, 9.98145210491608,
10.0089830730156, 7.00461676601381, 7.34367347010811, 7.33164213370089,
7.28607760078972, 7.68422775593376, 8.13114878060544, 2.11016306257053,
-1.26601178181767, -6.35755211953562, -11.047852131057, -11.8535783785448,
-12.8252879582269, -13.8593295023246, -20.8116045666075, -13.3716393119516,
-11.9710290537794, -10.7772957098364, -9.77293698570838, -8.37880275828238,
-5.87856542363434, -5.53644875308959, -5.33663489504519, -2.28281774902067,
4.74485853122465, 6.4324962221636, 13.3609089136891, 13.363897340906,
13.2358848115901, 12.9049908666331, 8.89867475238937, 10.1881320770323,
10.7060917572038, 18.1112486092882, 20.9792221184038, 22.9454460503743,
23.6016446128575, 24.0211492779038, 15.8536692290997, 10.9426387324402,
9.94238387487874, 7.41468173862836, 6.10209475956204, 5.29079064233706,
5.01783048452454, 5.24849494843534, 5.49728460393572, 5.55749319245977,
5.21298867746166, 4.09584300716824, 3.10300350340264, 2.05939214465746,
0.18649185824504, -1.56465161006168, -1.13648098022927, 1.01055803113835,
0.633177178192159, -5.62400656828315, -6.11807586222067, -8.32816164653308,
-8.39325196174179, -5.22018725139796, -2.82755759296458, 1.60453203171526,
2.80838636650619, 2.8021139717697, 5.84929469780768, 7.32844015819888,
7.0102982283297, 7.04526713001155, 7.7237551786548, 10.0110763982465,
6.39212519840535, 7.06817515464434, 7.09308198470672, 7.36599744909886,
7.66799062685722, 6.0061517629756, 1.26123914708332, 0.249369185950386,
-4.67977867719459, -5.52133307997549, -5.86452078506786, -8.14729798046945,
-8.88843039631404, -9.4732919496844, -11.0977997240065, -25.2248368282108,
-24.8422832310524, -11.8075028715857, -8.56318051351088, -7.9108263963886,
-3.22412812745251, 7.94146248397141, 12.3064575891399, 12.0366013046819,
10.061426544327, 9.60664628065156, 13.0402911928699, 16.1265668374581,
18.1315376505305, 21.5594397418562, 23.7614495964633, 22.6480162613089,
16.9514726284282, 17.0624387059897, 16.8436338745095, 15.88873649382,
13.4089988721239, 13.5027859447614, 9.31055932106349, 7.52118174401277,
5.31495694098923, 5.06195328267426, 5.55050245586776, 5.57991316860937,
0.826334218294572, -1.31961381586101, -1.61961202547903, -1.34321695748181,
-0.204662454432222, 0.936162895063602, 0.554631065210343, -1.28839440766353,
-6.78346531299337, -7.91976273108675, -8.31419543089884, -8.62817912872724,
1.5579821950832, 4.85448350383907, 5.75760263768615, 7.03006675887039,
7.36596784455621, 7.74702834244138, 8.69879559727019, 8.88818850128688,
6.41918307662925, 6.26288829800136, 8.11052671947557, 7.14265683086617,
5.93304051469387, -6.96505070836761, -7.50544428839234, -8.79909355665487,
-11.057220798982, -12.7755743788747, -13.7610930528319, -20.5169711919714,
-23.9964987556317, -19.6885381514653, -12.6922884076467, -11.6532203908106,
-11.6747860358773, -11.5702218064703, -10.4348313177512, -10.4793707622763,
-8.09563513220362, -8.23270974758608, -7.65076509825149, -6.64435723381861,
-5.99047537791922, -5.72942802343809, -5.40967921186834, -5.36629590874169,
-2.27746346516154)
